[main-train_model] Training the model. | 2025-07-25 16:41:44.974852
[main-training-loss] 0.030701806931812126 | 2025-07-25 16:42:02.478290
[user] q | 2025-07-25 16:42:04.851107
[main-quit] Shutting down the AI. | 2025-07-25 16:42:04.851107
[main-train_model] Training the model. | 2025-07-25 16:42:25.329691
[main-training-loss] 0.030701528122617717 | 2025-07-25 16:43:04.293469
[user] q | 2025-07-25 16:43:10.886870
[main-quit] Shutting down the AI. | 2025-07-25 16:43:10.886870
[main-train_model] Training the model. | 2025-07-25 16:43:50.398603
[main-training-loss] 0.007545190633445695 | 2025-07-25 16:44:07.650220
[user] scan network | 2025-07-25 16:44:22.088547
[main-user_encoded] [1, 3, 3, 2, 0, 0, 0, 0, 0, 0, 0, 0, 0, 0, 0, 0, 0, 0, 0, 0, 0, 0, 0, 0, 0, 0, 0, 0, 0, 0, 0, 0] | 2025-07-25 16:44:22.088547
[main-prediction] [0.03125046 0.03125365 0.03126644 0.03125254 0.03125259 0.03124971
 0.03124837 0.03125002 0.03124772 0.03124905 0.0312479  0.03124778
 0.03124946 0.03124942 0.03124854 0.03124819 0.03124894 0.03124898
 0.03124776 0.03124975 0.03125024 0.03124904 0.03124951 0.03124893
 0.03124961 0.03125031 0.03125051 0.03124929 0.03124777 0.03124879
 0.03124996 0.03124875] | 2025-07-25 16:44:22.089546
[main-confidence] Confidence Score = 3.13% | 2025-07-25 16:44:22.089546
[user] q | 2025-07-25 16:44:27.961788
[main-quit] Shutting down the AI. | 2025-07-25 16:44:27.961788
[main-model_type] ff | 2025-07-25 20:10:31.001184
[user] list all files | 2025-07-25 20:11:02.334713
[main-user_encoded] [1, 4, 5, 6, 2, 0, 0, 0, 0, 0, 0, 0, 0, 0, 0, 0, 0, 0, 0, 0, 0, 0, 0, 0, 0, 0, 0, 0, 0, 0, 0, 0] | 2025-07-25 20:11:02.334713
[main-user_normalized] [0.0196078431372549, 0.0784313725490196, 0.09803921568627451, 0.11764705882352941, 0.0392156862745098, 0.0, 0.0, 0.0, 0.0, 0.0, 0.0, 0.0, 0.0, 0.0, 0.0, 0.0, 0.0, 0.0, 0.0, 0.0, 0.0, 0.0, 0.0, 0.0, 0.0, 0.0, 0.0, 0.0, 0.0, 0.0, 0.0, 0.0] | 2025-07-25 20:11:02.334713
[main-model_type] ff | 2025-07-25 20:11:42.820446
[user] list all files | 2025-07-25 20:12:00.550955
[main-user_encoded] [1, 4, 5, 6, 2, 0, 0, 0, 0, 0, 0, 0, 0, 0, 0, 0, 0, 0, 0, 0, 0, 0, 0, 0, 0, 0, 0, 0, 0, 0, 0, 0] | 2025-07-25 20:12:00.550955
[main-user_normalized] [0.0196078431372549, 0.0784313725490196, 0.09803921568627451, 0.11764705882352941, 0.0392156862745098, 0.0, 0.0, 0.0, 0.0, 0.0, 0.0, 0.0, 0.0, 0.0, 0.0, 0.0, 0.0, 0.0, 0.0, 0.0, 0.0, 0.0, 0.0, 0.0, 0.0, 0.0, 0.0, 0.0, 0.0, 0.0, 0.0, 0.0] | 2025-07-25 20:12:00.550955
[main-prediction] [[7.90871109e-01 5.02793262e-02 3.71419046e-01 1.68231337e-01
  8.70943524e-02 3.71840453e-02 5.93958692e-04 3.73009355e-04
  7.49534169e-03 2.98052973e-02 1.73148047e-02 3.78817854e-03
  1.75134821e-02 3.26195350e-05 2.09112169e-02 1.09742601e-05
  1.79059060e-05 1.58798536e-03 1.77870079e-06 1.67608187e-05]] | 2025-07-25 20:12:00.551955
[main-confidence] Confidence Score = 79.09% | 2025-07-25 20:12:00.551955
[user] decrypt aes file | 2025-07-25 20:12:38.826384
[main-user_encoded] [1, 7, 8, 9, 2, 0, 0, 0, 0, 0, 0, 0, 0, 0, 0, 0, 0, 0, 0, 0, 0, 0, 0, 0, 0, 0, 0, 0, 0, 0, 0, 0] | 2025-07-25 20:12:38.826384
[main-user_normalized] [0.0196078431372549, 0.13725490196078433, 0.1568627450980392, 0.17647058823529413, 0.0392156862745098, 0.0, 0.0, 0.0, 0.0, 0.0, 0.0, 0.0, 0.0, 0.0, 0.0, 0.0, 0.0, 0.0, 0.0, 0.0, 0.0, 0.0, 0.0, 0.0, 0.0, 0.0, 0.0, 0.0, 0.0, 0.0, 0.0, 0.0] | 2025-07-25 20:12:38.826384
[main-prediction] [[1.98049676e-01 5.55699546e-02 4.20409621e-01 5.65011220e-02
  2.42320121e-01 9.13100768e-02 3.73455137e-03 3.63971069e-04
  4.55618557e-03 2.31017523e-02 1.11035822e-02 1.46498409e-02
  7.56212634e-03 1.91640491e-04 4.50682073e-03 1.24805315e-05
  2.48594631e-05 1.05528400e-03 4.02022690e-06 1.47772673e-05]] | 2025-07-25 20:12:38.827382
[main-confidence] Confidence Score = 42.04% | 2025-07-25 20:12:38.827382
[user] scan network | 2025-07-25 20:13:29.920352
[main-user_encoded] [1, 10, 11, 2, 0, 0, 0, 0, 0, 0, 0, 0, 0, 0, 0, 0, 0, 0, 0, 0, 0, 0, 0, 0, 0, 0, 0, 0, 0, 0, 0, 0] | 2025-07-25 20:13:29.920352
[main-user_normalized] [0.0196078431372549, 0.19607843137254902, 0.21568627450980393, 0.0392156862745098, 0.0, 0.0, 0.0, 0.0, 0.0, 0.0, 0.0, 0.0, 0.0, 0.0, 0.0, 0.0, 0.0, 0.0, 0.0, 0.0, 0.0, 0.0, 0.0, 0.0, 0.0, 0.0, 0.0, 0.0, 0.0, 0.0, 0.0, 0.0] | 2025-07-25 20:13:29.920352
[main-prediction] [[6.29496769e-02 2.71028870e-02 8.48297597e-02 7.77976852e-01
  5.60829341e-02 2.73843124e-02 2.78629544e-03 3.95622971e-04
  1.23930487e-01 1.48482987e-03 5.02172821e-03 2.43096293e-03
  9.47882274e-03 3.69999949e-04 6.62361618e-03 2.07060856e-05
  5.89589097e-06 5.72872446e-03 2.38301615e-06 8.15719009e-06]] | 2025-07-25 20:13:29.921350
[main-confidence] Confidence Score = 77.80% | 2025-07-25 20:13:29.921350
[user] yes | 2025-07-25 20:13:32.528712
[main-user_encoded] [1, 3, 2, 0, 0, 0, 0, 0, 0, 0, 0, 0, 0, 0, 0, 0, 0, 0, 0, 0, 0, 0, 0, 0, 0, 0, 0, 0, 0, 0, 0, 0] | 2025-07-25 20:13:32.528712
[main-user_normalized] [0.0196078431372549, 0.058823529411764705, 0.0392156862745098, 0.0, 0.0, 0.0, 0.0, 0.0, 0.0, 0.0, 0.0, 0.0, 0.0, 0.0, 0.0, 0.0, 0.0, 0.0, 0.0, 0.0, 0.0, 0.0, 0.0, 0.0, 0.0, 0.0, 0.0, 0.0, 0.0, 0.0, 0.0, 0.0] | 2025-07-25 20:13:32.528712
[main-prediction] [[9.63559800e-01 2.70068539e-02 1.81268739e-01 7.30614187e-01
  2.21258833e-02 1.30619735e-02 1.17160350e-04 2.84046708e-04
  2.43178670e-02 2.43514539e-02 1.39453583e-02 1.02749956e-03
  3.04729094e-02 7.47901992e-06 7.08883252e-02 1.09220165e-05
  1.09656109e-05 6.51740938e-03 8.39738295e-07 2.21733780e-05]] | 2025-07-25 20:13:32.529713
[main-confidence] Confidence Score = 96.36% | 2025-07-25 20:13:32.529713
[user] no | 2025-07-25 20:13:44.656429
[main-user_encoded] [1, 3, 2, 0, 0, 0, 0, 0, 0, 0, 0, 0, 0, 0, 0, 0, 0, 0, 0, 0, 0, 0, 0, 0, 0, 0, 0, 0, 0, 0, 0, 0] | 2025-07-25 20:13:44.656429
[main-user_normalized] [0.0196078431372549, 0.058823529411764705, 0.0392156862745098, 0.0, 0.0, 0.0, 0.0, 0.0, 0.0, 0.0, 0.0, 0.0, 0.0, 0.0, 0.0, 0.0, 0.0, 0.0, 0.0, 0.0, 0.0, 0.0, 0.0, 0.0, 0.0, 0.0, 0.0, 0.0, 0.0, 0.0, 0.0, 0.0] | 2025-07-25 20:13:44.656429
[main-prediction] [[9.63559800e-01 2.70068539e-02 1.81268739e-01 7.30614187e-01
  2.21258833e-02 1.30619735e-02 1.17160350e-04 2.84046708e-04
  2.43178670e-02 2.43514539e-02 1.39453583e-02 1.02749956e-03
  3.04729094e-02 7.47901992e-06 7.08883252e-02 1.09220165e-05
  1.09656109e-05 6.51740938e-03 8.39738295e-07 2.21733780e-05]] | 2025-07-25 20:13:44.657429
[main-confidence] Confidence Score = 96.36% | 2025-07-25 20:13:44.657429
[user] q | 2025-07-25 20:13:54.245186
[main-quit] Shutting down the AI. | 2025-07-25 20:13:54.245186
[main-model_type] ff | 2025-07-25 21:22:25.599508
[user] list all files | 2025-07-25 21:22:49.503249
[main-user_encoded] [1, 4, 5, 6, 2, 0, 0, 0, 0, 0, 0, 0, 0, 0, 0, 0, 0, 0, 0, 0, 0, 0, 0, 0, 0, 0, 0, 0, 0, 0, 0, 0] | 2025-07-25 21:22:49.503249
[main-user_normalized] [0.0196078431372549, 0.0784313725490196, 0.09803921568627451, 0.11764705882352941, 0.0392156862745098, 0.0, 0.0, 0.0, 0.0, 0.0, 0.0, 0.0, 0.0, 0.0, 0.0, 0.0, 0.0, 0.0, 0.0, 0.0, 0.0, 0.0, 0.0, 0.0, 0.0, 0.0, 0.0, 0.0, 0.0, 0.0, 0.0, 0.0] | 2025-07-25 21:22:49.503249
[main-prediction] [[7.92621392e-01 6.82442000e-02 3.59996760e-01 1.86144411e-01
  1.04083591e-01 9.17763796e-06 5.25001358e-02 9.99996785e-01
  6.09351488e-07 9.16797310e-06 2.85080206e-04 4.89058948e-06
  1.30222772e-07 9.99999758e-01 4.76155211e-05 1.17273518e-04
  4.38841856e-04 5.09884207e-04 1.62442823e-07 2.09255444e-03]] | 2025-07-25 21:22:49.505249
[main-confidence] Confidence Score = 100.00% | 2025-07-25 21:22:49.505249
[main-model_type] ff | 2025-07-25 21:23:06.297098
[user] list all files | 2025-07-25 21:23:14.021741
[main-user_encoded] [1, 4, 5, 6, 2, 0, 0, 0, 0, 0, 0, 0, 0, 0, 0, 0, 0, 0, 0, 0, 0, 0, 0, 0, 0, 0, 0, 0, 0, 0, 0, 0] | 2025-07-25 21:23:14.022742
[main-user_normalized] [0.0196078431372549, 0.0784313725490196, 0.09803921568627451, 0.11764705882352941, 0.0392156862745098, 0.0, 0.0, 0.0, 0.0, 0.0, 0.0, 0.0, 0.0, 0.0, 0.0, 0.0, 0.0, 0.0, 0.0, 0.0, 0.0, 0.0, 0.0, 0.0, 0.0, 0.0, 0.0, 0.0, 0.0, 0.0, 0.0, 0.0] | 2025-07-25 21:23:14.022742
[main-prediction] [[7.95421305e-01 4.53252651e-02 3.77024820e-01 2.05514869e-01
  1.04365872e-01 1.49382942e-02 8.33848911e-04 1.58861224e-05
  6.12826645e-03 2.86886512e-05 2.21418051e-04 4.30231547e-05
  2.14728547e-03 3.59401118e-04 1.80056574e-05 3.92911207e-03
  9.99996781e-01 1.22441016e-03 2.21186998e-07 9.51291644e-04]] | 2025-07-25 21:23:14.023743
[main-confidence] Confidence Score = 100.00% | 2025-07-25 21:23:14.023743
[main-model_type] ff | 2025-07-25 21:23:37.684023
[user] list all files | 2025-07-25 21:23:45.048645
[main-user_encoded] [1, 4, 5, 6, 2, 0, 0, 0, 0, 0, 0, 0, 0, 0, 0, 0, 0, 0, 0, 0, 0, 0, 0, 0, 0, 0, 0, 0, 0, 0, 0, 0] | 2025-07-25 21:23:45.048645
[main-user_normalized] [0.0196078431372549, 0.0784313725490196, 0.09803921568627451, 0.11764705882352941, 0.0392156862745098, 0.0, 0.0, 0.0, 0.0, 0.0, 0.0, 0.0, 0.0, 0.0, 0.0, 0.0, 0.0, 0.0, 0.0, 0.0, 0.0, 0.0, 0.0, 0.0, 0.0, 0.0, 0.0, 0.0, 0.0, 0.0, 0.0, 0.0] | 2025-07-25 21:23:45.048645
[main-prediction] [[5.79191011e-01 3.01443824e-02 3.95190396e-01 9.99999307e-01
  1.80622876e-01 5.27987889e-03 1.03365810e-02 6.52591205e-05
  5.96681816e-03 4.38096224e-02 4.83908911e-05 6.12037595e-04
  7.84014702e-03 1.35848214e-03 2.75015030e-04 1.17786842e-05
  7.09605397e-09 2.02157563e-02 2.55618203e-07 5.13093401e-04]] | 2025-07-25 21:23:45.049646
[main-confidence] Confidence Score = 100.00% | 2025-07-25 21:23:45.049646
[main-model_type] ff | 2025-07-25 21:25:12.850526
[user] list all files | 2025-07-25 21:25:19.713182
[main-user_encoded] [1, 4, 5, 6, 2, 0, 0, 0, 0, 0, 0, 0, 0, 0, 0, 0, 0, 0, 0, 0, 0, 0, 0, 0, 0, 0, 0, 0, 0, 0, 0, 0] | 2025-07-25 21:25:19.713182
[main-user_normalized] [0.0196078431372549, 0.0784313725490196, 0.09803921568627451, 0.11764705882352941, 0.0392156862745098, 0.0, 0.0, 0.0, 0.0, 0.0, 0.0, 0.0, 0.0, 0.0, 0.0, 0.0, 0.0, 0.0, 0.0, 0.0, 0.0, 0.0, 0.0, 0.0, 0.0, 0.0, 0.0, 0.0, 0.0, 0.0, 0.0, 0.0] | 2025-07-25 21:25:19.713182
[main-prediction] [[7.88779129e-01 5.55305987e-02 1.44688579e-04 1.39824441e-01
  6.83495056e-07 3.37804582e-04 5.69669351e-04 1.66890265e-04
  2.56395738e-03 2.78167812e-02 9.44630487e-04 9.58622309e-03
  9.14608121e-04 4.08038286e-04 1.92146189e-04 6.66509302e-04
  7.99521290e-08 2.01159492e-02 5.20932695e-03 2.84062626e-03]] | 2025-07-25 21:25:19.714183
[main-confidence] Confidence Score = 78.88% | 2025-07-25 21:25:19.714183
[main-model_type] ff | 2025-07-25 21:25:35.590549
[user] list all files | 2025-07-25 21:25:42.813735
[main-user_encoded] [1, 4, 5, 6, 2, 0, 0, 0, 0, 0, 0, 0, 0, 0, 0, 0, 0, 0, 0, 0, 0, 0, 0, 0, 0, 0, 0, 0, 0, 0, 0, 0] | 2025-07-25 21:25:42.813735
[main-user_normalized] [0.0196078431372549, 0.0784313725490196, 0.09803921568627451, 0.11764705882352941, 0.0392156862745098, 0.0, 0.0, 0.0, 0.0, 0.0, 0.0, 0.0, 0.0, 0.0, 0.0, 0.0, 0.0, 0.0, 0.0, 0.0, 0.0, 0.0, 0.0, 0.0, 0.0, 0.0, 0.0, 0.0, 0.0, 0.0, 0.0, 0.0] | 2025-07-25 21:25:42.813735
[main-prediction] [[8.31448415e-01 1.50407441e-02 3.41065895e-01 1.51985198e-01
  8.10686559e-02 1.95857479e-02 8.79500828e-02 1.48967319e-02
  6.88827932e-04 4.03121253e-02 1.28339949e-03 1.04840471e-02
  7.51693703e-05 7.02876676e-04 3.71455438e-05 1.19061435e-03
  3.51503710e-06 2.94256462e-08 2.02780169e-06 1.00000000e+00]] | 2025-07-25 21:25:42.814735
[main-confidence] Confidence Score = 100.00% | 2025-07-25 21:25:42.814735
[main-model_type] ff | 2025-07-25 21:26:08.586112
[user] scan network | 2025-07-25 21:26:15.483711
[main-user_encoded] [1, 10, 11, 2, 0, 0, 0, 0, 0, 0, 0, 0, 0, 0, 0, 0, 0, 0, 0, 0, 0, 0, 0, 0, 0, 0, 0, 0, 0, 0, 0, 0] | 2025-07-25 21:26:15.483711
[main-user_normalized] [0.0196078431372549, 0.19607843137254902, 0.21568627450980393, 0.0392156862745098, 0.0, 0.0, 0.0, 0.0, 0.0, 0.0, 0.0, 0.0, 0.0, 0.0, 0.0, 0.0, 0.0, 0.0, 0.0, 0.0, 0.0, 0.0, 0.0, 0.0, 0.0, 0.0, 0.0, 0.0, 0.0, 0.0, 0.0, 0.0] | 2025-07-25 21:26:15.483711
[main-prediction] [[9.20936579e-02 1.02463422e-02 1.01569313e-01 7.34260364e-08
  1.19219051e-01 2.69984074e-02 2.09451456e-02 2.25107526e-05
  4.05905508e-04 2.26669404e-05 7.60118593e-08 7.46735945e-03
  7.50373707e-04 1.41668582e-03 5.50772005e-04 3.98003158e-06
  2.08201481e-03 2.34502998e-02 1.24792836e-07 1.52202543e-04]] | 2025-07-25 21:26:15.484709
[main-confidence] Confidence Score = 11.92% | 2025-07-25 21:26:15.484709
[main-model_type] ff | 2025-07-25 21:26:32.418456
[user] list all files | 2025-07-25 21:26:39.605995
[main-user_encoded] [1, 4, 5, 6, 2, 0, 0, 0, 0, 0, 0, 0, 0, 0, 0, 0, 0, 0, 0, 0, 0, 0, 0, 0, 0, 0, 0, 0, 0, 0, 0, 0] | 2025-07-25 21:26:39.605995
[main-user_normalized] [0.0196078431372549, 0.0784313725490196, 0.09803921568627451, 0.11764705882352941, 0.0392156862745098, 0.0, 0.0, 0.0, 0.0, 0.0, 0.0, 0.0, 0.0, 0.0, 0.0, 0.0, 0.0, 0.0, 0.0, 0.0, 0.0, 0.0, 0.0, 0.0, 0.0, 0.0, 0.0, 0.0, 0.0, 0.0, 0.0, 0.0] | 2025-07-25 21:26:39.605995
[main-prediction] [[7.54364444e-01 9.99999721e-01 7.69739174e-05 1.57651196e-01
  1.44818496e-01 3.83371091e-02 1.19651087e-06 1.10638652e-04
  1.02609648e-02 1.16727365e-02 5.91956299e-04 2.35398329e-02
  2.55466164e-03 3.58184520e-04 2.14061802e-04 8.62098493e-06
  1.00668829e-04 3.39856835e-06 5.41066610e-08 1.26814437e-05]] | 2025-07-25 21:26:39.606995
[main-confidence] Confidence Score = 100.00% | 2025-07-25 21:26:39.606995
[user] scan network | 2025-07-25 21:27:05.481753
[main-user_encoded] [1, 10, 11, 2, 0, 0, 0, 0, 0, 0, 0, 0, 0, 0, 0, 0, 0, 0, 0, 0, 0, 0, 0, 0, 0, 0, 0, 0, 0, 0, 0, 0] | 2025-07-25 21:27:05.481753
[main-user_normalized] [0.0196078431372549, 0.19607843137254902, 0.21568627450980393, 0.0392156862745098, 0.0, 0.0, 0.0, 0.0, 0.0, 0.0, 0.0, 0.0, 0.0, 0.0, 0.0, 0.0, 0.0, 0.0, 0.0, 0.0, 0.0, 0.0, 0.0, 0.0, 0.0, 0.0, 0.0, 0.0, 0.0, 0.0, 0.0, 0.0] | 2025-07-25 21:27:05.481753
[main-prediction] [[8.51764361e-02 9.99999705e-01 7.09861840e-05 7.88311150e-01
  8.61645797e-02 6.00166691e-02 3.24898970e-06 4.50899870e-05
  1.24606673e-01 1.19432037e-03 7.97552617e-04 4.36568711e-03
  1.26027640e-02 1.02554416e-03 2.38694083e-03 8.89554776e-06
  1.94254751e-04 4.81060440e-06 7.90237748e-07 4.63959468e-06]] | 2025-07-25 21:27:05.482752
[main-confidence] Confidence Score = 100.00% | 2025-07-25 21:27:05.482752
[user] q | 2025-07-25 21:27:22.017502
[main-quit] Shutting down the AI. | 2025-07-25 21:27:22.017502
[main-model_type] ff | 2025-07-25 21:27:24.547854
[user] scan network | 2025-07-25 21:27:29.894171
[main-user_encoded] [1, 10, 11, 2, 0, 0, 0, 0, 0, 0, 0, 0, 0, 0, 0, 0, 0, 0, 0, 0, 0, 0, 0, 0, 0, 0, 0, 0, 0, 0, 0, 0] | 2025-07-25 21:27:29.895172
[main-user_normalized] [0.0196078431372549, 0.19607843137254902, 0.21568627450980393, 0.0392156862745098, 0.0, 0.0, 0.0, 0.0, 0.0, 0.0, 0.0, 0.0, 0.0, 0.0, 0.0, 0.0, 0.0, 0.0, 0.0, 0.0, 0.0, 0.0, 0.0, 0.0, 0.0, 0.0, 0.0, 0.0, 0.0, 0.0, 0.0, 0.0] | 2025-07-25 21:27:29.895172
[main-prediction] [[7.73919141e-02 1.93149094e-04 9.15741342e-02 8.32810591e-01
  9.81701187e-02 2.97529271e-02 1.19490284e-02 1.94916457e-05
  1.18600433e-01 2.46330139e-08 1.44044859e-03 8.96549982e-04
  6.20638301e-03 1.66273817e-04 1.32256235e-04 4.97823381e-03
  4.81866494e-06 1.31511747e-02 5.57959830e-09 6.04810834e-06]] | 2025-07-25 21:27:29.896173
[main-confidence] Confidence Score = 83.28% | 2025-07-25 21:27:29.896173
[user] q | 2025-07-25 21:27:48.062503
[main-quit] Shutting down the AI. | 2025-07-25 21:27:48.062503
[main-model_type] ff | 2025-07-25 21:27:49.475711
[user] scan network | 2025-07-25 21:27:55.460566
[main-user_encoded] [1, 10, 11, 2, 0, 0, 0, 0, 0, 0, 0, 0, 0, 0, 0, 0, 0, 0, 0, 0, 0, 0, 0, 0, 0, 0, 0, 0, 0, 0, 0, 0] | 2025-07-25 21:27:55.460566
[main-user_normalized] [0.0196078431372549, 0.19607843137254902, 0.21568627450980393, 0.0392156862745098, 0.0, 0.0, 0.0, 0.0, 0.0, 0.0, 0.0, 0.0, 0.0, 0.0, 0.0, 0.0, 0.0, 0.0, 0.0, 0.0, 0.0, 0.0, 0.0, 0.0, 0.0, 0.0, 0.0, 0.0, 0.0, 0.0, 0.0, 0.0] | 2025-07-25 21:27:55.460566
[main-prediction] [[4.86895805e-07 4.60314795e-05 6.27292701e-07 1.44983514e-04
  5.69994848e-02 2.10210558e-05 1.54714923e-02 1.51953307e-03
  1.95244686e-01 1.46293031e-03 1.18069011e-03 4.27806255e-03
  4.31053527e-03 5.60162398e-04 1.30708468e-03 2.98433504e-04
  1.90956728e-05 1.21579665e-02 9.64622429e-06 1.68277554e-05]] | 2025-07-25 21:27:55.461567
[main-confidence] Confidence Score = 19.52% | 2025-07-25 21:27:55.461567
[main-model_type] ff | 2025-07-25 21:28:34.315472
[user] scan network | 2025-07-25 21:28:43.254892
[main-user_encoded] [1, 10, 11, 2, 0, 0, 0, 0, 0, 0, 0, 0, 0, 0, 0, 0, 0, 0, 0, 0, 0, 0, 0, 0, 0, 0, 0, 0, 0, 0, 0, 0] | 2025-07-25 21:28:43.254892
[main-user_normalized] [0.0196078431372549, 0.19607843137254902, 0.21568627450980393, 0.0392156862745098, 0.0, 0.0, 0.0, 0.0, 0.0, 0.0, 0.0, 0.0, 0.0, 0.0, 0.0, 0.0, 0.0, 0.0, 0.0, 0.0, 0.0, 0.0, 0.0, 0.0, 0.0, 0.0, 0.0, 0.0, 0.0, 0.0, 0.0, 0.0] | 2025-07-25 21:28:43.254892
[main-prediction] [[4.44961550e-02 1.72291229e-05 6.29815449e-02 8.75398287e-01
  7.77512797e-02 3.53766774e-02 3.17085028e-04 9.67082726e-04
  6.38487835e-02 2.21552780e-03 6.19274212e-04 5.60009509e-04
  1.63601013e-03 6.16410348e-05 1.20410141e-05 1.01190175e-02
  2.63119900e-08 1.54017015e-04 1.71314117e-08 1.99299107e-04]] | 2025-07-25 21:28:43.255891
[main-confidence] Confidence Score = 87.54% | 2025-07-25 21:28:43.255891
[user] q | 2025-07-25 21:30:01.978699
[main-quit] Shutting down the AI. | 2025-07-25 21:30:01.978699
[main-model_type] ff | 2025-07-25 21:30:03.314415
[user] scan network | 2025-07-25 21:30:12.451878
[main-user_encoded] [1, 10, 11, 2, 0, 0, 0, 0, 0, 0, 0, 0, 0, 0, 0, 0, 0, 0, 0, 0, 0, 0, 0, 0, 0, 0, 0, 0, 0, 0, 0, 0] | 2025-07-25 21:30:12.451878
[main-user_normalized] [0.0196078431372549, 0.19607843137254902, 0.21568627450980393, 0.0392156862745098, 0.0, 0.0, 0.0, 0.0, 0.0, 0.0, 0.0, 0.0, 0.0, 0.0, 0.0, 0.0, 0.0, 0.0, 0.0, 0.0, 0.0, 0.0, 0.0, 0.0, 0.0, 0.0, 0.0, 0.0, 0.0, 0.0, 0.0, 0.0] | 2025-07-25 21:30:12.451878
[main-prediction] [[2.83283499e-02 4.27198289e-03 7.80526610e-08 8.29351848e-01
  5.57283029e-02 3.70926171e-02 7.15649644e-04 1.14106167e-06
  9.14014311e-02 1.43171154e-03 1.77504120e-04 2.45015848e-04
  9.34351396e-04 5.32615800e-03 9.99996658e-01 8.33098769e-07
  3.42357040e-07 2.45609314e-03 2.19781315e-08 1.18001541e-06]] | 2025-07-25 21:30:12.452879
[main-confidence] Confidence Score = 100.00% | 2025-07-25 21:30:12.452879
[main-model_type] ff | 2025-07-25 21:30:48.508317
[user] scan network | 2025-07-25 21:30:57.661408
[main-user_encoded] [1, 10, 11, 2, 0, 0, 0, 0, 0, 0, 0, 0, 0, 0, 0, 0, 0, 0, 0, 0, 0, 0, 0, 0, 0, 0, 0, 0, 0, 0, 0, 0] | 2025-07-25 21:30:57.661408
[main-user_normalized] [0.0196078431372549, 0.19607843137254902, 0.21568627450980393, 0.0392156862745098, 0.0, 0.0, 0.0, 0.0, 0.0, 0.0, 0.0, 0.0, 0.0, 0.0, 0.0, 0.0, 0.0, 0.0, 0.0, 0.0, 0.0, 0.0, 0.0, 0.0, 0.0, 0.0, 0.0, 0.0, 0.0, 0.0, 0.0, 0.0] | 2025-07-25 21:30:57.661408
[main-prediction] [[9.29446669e-02 8.57147415e-03 1.84913642e-07 7.23841355e-06
  5.86216773e-02 4.16950310e-02 4.39993600e-05 3.02125900e-05
  1.00000000e+00 1.02454447e-03 3.12139675e-03 1.74813062e-02
  3.48781095e-03 2.17949009e-04 5.13508864e-04 8.76531812e-07
  6.61246247e-09 3.15589344e-02 2.26696041e-07 3.18867202e-02]] | 2025-07-25 21:30:57.662913
[main-confidence] Confidence Score = 100.00% | 2025-07-25 21:30:57.662913
[main-model_type] ff | 2025-07-25 21:33:20.198412
[user] scan network | 2025-07-25 21:33:33.023833
[main-user_encoded] [1, 10, 11, 2, 0, 0, 0, 0, 0, 0, 0, 0, 0, 0, 0, 0, 0, 0, 0, 0, 0, 0, 0, 0, 0, 0, 0, 0, 0, 0, 0, 0] | 2025-07-25 21:33:33.023833
[main-user_normalized] [0.0196078431372549, 0.19607843137254902, 0.21568627450980393, 0.0392156862745098, 0.0, 0.0, 0.0, 0.0, 0.0, 0.0, 0.0, 0.0, 0.0, 0.0, 0.0, 0.0, 0.0, 0.0, 0.0, 0.0, 0.0, 0.0, 0.0, 0.0, 0.0, 0.0, 0.0, 0.0, 0.0, 0.0, 0.0, 0.0] | 2025-07-25 21:33:33.023833
[main-prediction] [[4.25556587e-02 1.84879379e-03 6.55524274e-02 8.49172405e-01
  6.45558796e-02 1.09291095e-05 1.46802113e-05 1.63602939e-04
  1.15759772e-01 2.14593748e-07 3.69108501e-08 2.07313661e-03
  1.04092491e-03 3.64758874e-05 1.69567060e-03 1.57252081e-04
  9.79567814e-07 1.73576769e-02 7.48351880e-06 9.84883397e-06]] | 2025-07-25 21:33:33.024834
[main-confidence] Confidence Score = 84.92% | 2025-07-25 21:33:33.024834
[user] q | 2025-07-25 21:35:00.477398
[main-quit] Shutting down the AI. | 2025-07-25 21:35:00.477398
[main-model_type] ff | 2025-07-25 21:35:47.501886
[user] scan network | 2025-07-25 21:36:01.096138
[main-user_encoded] [1, 10, 11, 2, 0, 0, 0, 0, 0, 0, 0, 0, 0, 0, 0, 0, 0, 0, 0, 0, 0, 0, 0, 0, 0, 0, 0, 0, 0, 0, 0, 0] | 2025-07-25 21:36:01.096138
[main-user_normalized] [0.0196078431372549, 0.19607843137254902, 0.21568627450980393, 0.0392156862745098, 0.0, 0.0, 0.0, 0.0, 0.0, 0.0, 0.0, 0.0, 0.0, 0.0, 0.0, 0.0, 0.0, 0.0, 0.0, 0.0, 0.0, 0.0, 0.0, 0.0, 0.0, 0.0, 0.0, 0.0, 0.0, 0.0, 0.0, 0.0] | 2025-07-25 21:36:01.096138
[main-prediction] [[1.74669266e-01 3.82557074e-03 9.99998559e-01 8.38692762e-01
  9.99991314e-01 6.45089836e-02 4.63510949e-03 8.98123735e-05
  8.61870858e-02 8.68177107e-04 2.96376823e-04 1.07201534e-02
  7.72462459e-04 3.35312588e-04 3.87059733e-04 3.47195288e-07
  2.09637659e-10 2.02521876e-02 4.24940102e-07 3.89431661e-03]] | 2025-07-25 21:36:01.097138
[main-confidence] Confidence Score = 100.00% | 2025-07-25 21:36:01.097138
[main-one_hot_prediction] [[1, 7, 8, 9, 2, 0, 0, 0, 0, 0, 0, 0, 0, 0, 0, 0, 0, 0, 0, 0]] | 2025-07-25 21:36:01.097138
[main-rounded_prediction] [[0, 0, 1, 1, 1, 0, 0, 0, 0, 0, 0, 0, 0, 0, 0, 0, 0, 0, 0, 0]] | 2025-07-25 21:36:01.097138
[user] q | 2025-07-25 21:36:17.960785
[main-quit] Shutting down the AI. | 2025-07-25 21:36:17.960785
[main-model_type] ff | 2025-07-25 21:37:38.107077
[user] scan network | 2025-07-25 21:37:47.611038
[main-user_encoded] [1, 10, 11, 2, 0, 0, 0, 0, 0, 0, 0, 0, 0, 0, 0, 0, 0, 0, 0, 0, 0, 0, 0, 0, 0, 0, 0, 0, 0, 0, 0, 0] | 2025-07-25 21:37:47.611038
[main-user_normalized] [0.0196078431372549, 0.19607843137254902, 0.21568627450980393, 0.0392156862745098, 0.0, 0.0, 0.0, 0.0, 0.0, 0.0, 0.0, 0.0, 0.0, 0.0, 0.0, 0.0, 0.0, 0.0, 0.0, 0.0, 0.0, 0.0, 0.0, 0.0, 0.0, 0.0, 0.0, 0.0, 0.0, 0.0, 0.0, 0.0] | 2025-07-25 21:37:47.611038
[main-prediction] [[4.28265312e-02 1.12237260e-02 8.65841193e-02 8.64459451e-01
  7.57210144e-02 3.53141891e-05 5.15742849e-06 2.36459265e-05
  8.10618248e-02 1.59973341e-03 2.77812303e-05 1.84380244e-03
  1.49429423e-04 2.76238763e-06 1.00448641e-02 5.42287254e-05
  8.23492717e-08 2.69922318e-02 9.76174930e-08 2.27366972e-07]] | 2025-07-25 21:37:47.611038
[main-confidence] Confidence Score = 86.45% | 2025-07-25 21:37:47.611038
[main-one_hot_prediction] [[1, 10, 11, 2, 0, 0, 0, 0, 0, 0, 0, 0, 0, 0, 0, 0, 0, 0, 0, 0]] | 2025-07-25 21:37:47.611038
[main-rounded_prediction] [[0, 0, 0, 1, 0, 0, 0, 0, 0, 0, 0, 0, 0, 0, 0, 0, 0, 0, 0, 0]] | 2025-07-25 21:37:47.611038
[user] q | 2025-07-25 21:37:49.885855
[main-quit] Shutting down the AI. | 2025-07-25 21:37:49.885855
[main-model_type] ff | 2025-07-25 21:38:17.668574
[user] q | 2025-07-25 21:38:59.205735
[main-quit] Shutting down the AI. | 2025-07-25 21:38:59.205735
[main-model_type] ff | 2025-07-25 21:39:00.577424
[user] scan network | 2025-07-25 21:39:13.191326
[main-user_encoded] [1, 10, 11, 2, 0, 0, 0, 0, 0, 0, 0, 0, 0, 0, 0, 0, 0, 0, 0, 0, 0, 0, 0, 0, 0, 0, 0, 0, 0, 0, 0, 0] | 2025-07-25 21:39:13.191326
[main-user_normalized] [0.0196078431372549, 0.19607843137254902, 0.21568627450980393, 0.0392156862745098, 0.0, 0.0, 0.0, 0.0, 0.0, 0.0, 0.0, 0.0, 0.0, 0.0, 0.0, 0.0, 0.0, 0.0, 0.0, 0.0, 0.0, 0.0, 0.0, 0.0, 0.0, 0.0, 0.0, 0.0, 0.0, 0.0, 0.0, 0.0] | 2025-07-25 21:39:13.191326
[main-prediction] [[2.88891003e-02 2.20816968e-03 9.53419222e-02 8.46436332e-01
  8.91019204e-02 3.98847648e-02 1.39240755e-03 8.09166707e-06
  8.16717267e-04 2.29375608e-03 5.62544642e-04 2.79005095e-03
  1.68258493e-04 8.83391195e-03 9.83455433e-05 1.15752852e-07
  2.01175196e-08 9.27600649e-04 2.45473165e-07 4.16350207e-03]] | 2025-07-25 21:39:13.192324
[main-confidence] Confidence Score = 84.64% | 2025-07-25 21:39:13.192324
[main-one_hot_prediction] [[1, 10, 11, 2, 0, 0, 0, 0, 0, 0, 0, 0, 0, 0, 0, 0, 0, 0, 0, 0]] | 2025-07-25 21:39:13.192324
[main-rounded_prediction] [[0, 0, 0, 1, 0, 0, 0, 0, 0, 0, 0, 0, 0, 0, 0, 0, 0, 0, 0, 0]] | 2025-07-25 21:39:13.192324
[user] q | 2025-07-25 21:40:04.576299
[main-quit] Shutting down the AI. | 2025-07-25 21:40:04.576299
[main-model_type] ff | 2025-07-25 21:40:06.583828
[user] scan network | 2025-07-25 21:40:16.496155
[main-user_encoded] [1, 10, 11, 2, 0, 0, 0, 0, 0, 0, 0, 0, 0, 0, 0, 0, 0, 0, 0, 0, 0, 0, 0, 0, 0, 0, 0, 0, 0, 0, 0, 0] | 2025-07-25 21:40:16.497157
[main-user_normalized] [0.0196078431372549, 0.19607843137254902, 0.21568627450980393, 0.0392156862745098, 0.0, 0.0, 0.0, 0.0, 0.0, 0.0, 0.0, 0.0, 0.0, 0.0, 0.0, 0.0, 0.0, 0.0, 0.0, 0.0, 0.0, 0.0, 0.0, 0.0, 0.0, 0.0, 0.0, 0.0, 0.0, 0.0, 0.0, 0.0] | 2025-07-25 21:40:16.497157
[main-prediction] [[8.44612668e-01 3.41777272e-02 1.04778497e-01 2.06611145e-06
  1.09043285e-01 9.99999878e-01 2.31653555e-03 8.06696863e-02
  1.90385885e-03 8.97829558e-04 3.13875205e-02 5.50886183e-04
  7.51454518e-04 1.16376990e-04 4.07696125e-04 8.43406536e-04
  6.74702152e-04 2.41367143e-02 2.31833042e-06 7.57476757e-03]] | 2025-07-25 21:40:16.497157
[main-confidence] Confidence Score = 100.00% | 2025-07-25 21:40:16.497157
[main-one_hot_prediction] [[1, 39, 60, 61, 2, 0, 0, 0, 0, 0, 0, 0, 0, 0, 0, 0, 0, 0, 0, 0]] | 2025-07-25 21:40:16.497157
[main-rounded_prediction] [[1, 0, 0, 0, 0, 1, 0, 0, 0, 0, 0, 0, 0, 0, 0, 0, 0, 0, 0, 0]] | 2025-07-25 21:40:16.497157
[user] list all files | 2025-07-25 21:45:36.774686
[main-user_encoded] [1, 4, 5, 6, 2, 0, 0, 0, 0, 0, 0, 0, 0, 0, 0, 0, 0, 0, 0, 0, 0, 0, 0, 0, 0, 0, 0, 0, 0, 0, 0, 0] | 2025-07-25 21:45:36.774686
[main-user_normalized] [0.0196078431372549, 0.0784313725490196, 0.09803921568627451, 0.11764705882352941, 0.0392156862745098, 0.0, 0.0, 0.0, 0.0, 0.0, 0.0, 0.0, 0.0, 0.0, 0.0, 0.0, 0.0, 0.0, 0.0, 0.0, 0.0, 0.0, 0.0, 0.0, 0.0, 0.0, 0.0, 0.0, 0.0, 0.0, 0.0, 0.0] | 2025-07-25 21:45:36.774686
[main-prediction] [[1.11907049e-01 8.30073360e-01 3.86188475e-01 1.36818353e-05
  3.37396601e-02 9.99999881e-01 5.12764049e-02 6.82854323e-04
  3.37071259e-02 1.36061605e-03 3.93142006e-02 4.30621192e-03
  2.62169464e-05 5.05951862e-06 1.68072472e-04 2.93145884e-04
  5.35023638e-03 1.19906050e-02 8.08050350e-07 1.21881604e-02]] | 2025-07-25 21:45:36.774686
[main-confidence] Confidence Score = 100.00% | 2025-07-25 21:45:36.774686
[main-one_hot_prediction] [[1, 52, 53, 2, 0, 0, 0, 0, 0, 0, 0, 0, 0, 0, 0, 0, 0, 0, 0, 0]] | 2025-07-25 21:45:36.774686
[main-rounded_prediction] [[0, 1, 0, 0, 0, 1, 0, 0, 0, 0, 0, 0, 0, 0, 0, 0, 0, 0, 0, 0]] | 2025-07-25 21:45:36.774686
[user] check disk usage | 2025-07-25 21:45:54.071412
[main-user_encoded] [1, 18, 40, 41, 2, 0, 0, 0, 0, 0, 0, 0, 0, 0, 0, 0, 0, 0, 0, 0, 0, 0, 0, 0, 0, 0, 0, 0, 0, 0, 0, 0] | 2025-07-25 21:45:54.071412
[main-user_normalized] [0.0196078431372549, 0.35294117647058826, 0.7843137254901961, 0.803921568627451, 0.0392156862745098, 0.0, 0.0, 0.0, 0.0, 0.0, 0.0, 0.0, 0.0, 0.0, 0.0, 0.0, 0.0, 0.0, 0.0, 0.0, 0.0, 0.0, 0.0, 0.0, 0.0, 0.0, 0.0, 0.0, 0.0, 0.0, 0.0, 0.0] | 2025-07-25 21:45:54.071412
[main-prediction] [[1.78204774e-06 6.30053662e-07 2.33815519e-04 2.37547230e-07
  6.49816752e-02 9.99999461e-01 5.03453394e-02 7.82578115e-03
  9.65827476e-04 2.27373658e-03 1.77645179e-02 1.72092979e-05
  1.38700551e-01 1.39919214e-08 3.18189289e-04 8.24297620e-02
  3.70232596e-04 5.10030672e-05 7.08667147e-05 3.57267214e-04]] | 2025-07-25 21:45:54.071412
[main-confidence] Confidence Score = 100.00% | 2025-07-25 21:45:54.071412
[main-one_hot_prediction] [[1, 71, 2, 0, 0, 0, 0, 0, 0, 0, 0, 0, 0, 0, 0, 0, 0, 0, 0, 0]] | 2025-07-25 21:45:54.072412
[main-rounded_prediction] [[0, 0, 0, 0, 0, 1, 0, 0, 0, 0, 0, 0, 0, 0, 0, 0, 0, 0, 0, 0]] | 2025-07-25 21:45:54.072412
[user] create a new directory | 2025-07-25 21:46:06.940043
[main-user_encoded] [1, 45, 3, 46, 44, 2, 0, 0, 0, 0, 0, 0, 0, 0, 0, 0, 0, 0, 0, 0, 0, 0, 0, 0, 0, 0, 0, 0, 0, 0, 0, 0] | 2025-07-25 21:46:06.940043
[main-user_normalized] [0.0196078431372549, 0.8823529411764706, 0.058823529411764705, 0.9019607843137255, 0.8627450980392157, 0.0392156862745098, 0.0, 0.0, 0.0, 0.0, 0.0, 0.0, 0.0, 0.0, 0.0, 0.0, 0.0, 0.0, 0.0, 0.0, 0.0, 0.0, 0.0, 0.0, 0.0, 0.0, 0.0, 0.0, 0.0, 0.0, 0.0, 0.0] | 2025-07-25 21:46:06.940043
[main-prediction] [[9.02265080e-06 2.75209627e-06 3.65022625e-03 1.25018462e-05
  5.71929527e-03 9.99978041e-01 5.61737141e-03 7.46790748e-05
  9.87863597e-01 4.80319389e-04 6.34676730e-02 1.25321590e-02
  4.67740618e-03 1.16007542e-09 4.44405226e-04 1.93285096e-02
  2.27231090e-03 1.22964954e-02 5.69665228e-06 2.93753898e-04]] | 2025-07-25 21:46:06.941046
[main-confidence] Confidence Score = 100.00% | 2025-07-25 21:46:06.941046
[main-one_hot_prediction] [[1, 71, 2, 0, 0, 0, 0, 0, 0, 0, 0, 0, 0, 0, 0, 0, 0, 0, 0, 0]] | 2025-07-25 21:46:06.941046
[main-rounded_prediction] [[0, 0, 0, 0, 0, 1, 0, 0, 1, 0, 0, 0, 0, 0, 0, 0, 0, 0, 0, 0]] | 2025-07-25 21:46:06.941046
[user] q | 2025-07-25 21:46:15.610167
[main-quit] Shutting down the AI. | 2025-07-25 21:46:15.610167
[main-model_type] ff | 2025-07-25 21:46:24.413439
[user] scan network | 2025-07-25 21:46:36.326708
[main-user_encoded] [1, 10, 11, 2, 0, 0, 0, 0, 0, 0, 0, 0, 0, 0, 0, 0, 0, 0, 0, 0, 0, 0, 0, 0, 0, 0, 0, 0, 0, 0, 0, 0] | 2025-07-25 21:46:36.326708
[main-user_normalized] [0.0196078431372549, 0.19607843137254902, 0.21568627450980393, 0.0392156862745098, 0.0, 0.0, 0.0, 0.0, 0.0, 0.0, 0.0, 0.0, 0.0, 0.0, 0.0, 0.0, 0.0, 0.0, 0.0, 0.0, 0.0, 0.0, 0.0, 0.0, 0.0, 0.0, 0.0, 0.0, 0.0, 0.0, 0.0, 0.0] | 2025-07-25 21:46:36.326708
[main-prediction] [[2.95079946e-04 5.23295761e-02 6.55639110e-02 1.19283181e-05
  3.94465941e-02 6.93253272e-06 3.62525468e-03 7.16875980e-02
  1.30780447e-02 1.82935786e-03 2.28355797e-03 1.34177431e-04
  4.93742248e-04 1.32390219e-05 5.12726704e-05 7.03239752e-07
  1.31582458e-03 1.37560325e-03 2.99833504e-07 4.08865212e-08]] | 2025-07-25 21:46:36.327709
[main-confidence] Confidence Score = 7.17% | 2025-07-25 21:46:36.327709
[main-model_type] ff | 2025-07-25 21:46:50.076731
[user] scan network | 2025-07-25 21:47:01.427890
[main-user_encoded] [1, 10, 11, 2, 0, 0, 0, 0, 0, 0, 0, 0, 0, 0, 0, 0, 0, 0, 0, 0, 0, 0, 0, 0, 0, 0, 0, 0, 0, 0, 0, 0] | 2025-07-25 21:47:01.427890
[main-user_normalized] [0.0196078431372549, 0.19607843137254902, 0.21568627450980393, 0.0392156862745098, 0.0, 0.0, 0.0, 0.0, 0.0, 0.0, 0.0, 0.0, 0.0, 0.0, 0.0, 0.0, 0.0, 0.0, 0.0, 0.0, 0.0, 0.0, 0.0, 0.0, 0.0, 0.0, 0.0, 0.0, 0.0, 0.0, 0.0, 0.0] | 2025-07-25 21:47:01.427890
[main-prediction] [[8.70831900e-01 2.20051481e-01 9.59683514e-05 5.15258080e-02
  1.46835115e-02 1.45077139e-04 2.29522634e-03 1.05335069e-01
  4.29547930e-03 1.52332939e-03 9.39314766e-06 6.13804201e-06
  9.99999923e-01 3.48274120e-04 7.19296500e-03 8.97680334e-04
  3.57095629e-09 1.01291728e-02 5.10467902e-07 6.19681587e-06]] | 2025-07-25 21:47:01.427890
[main-confidence] Confidence Score = 100.00% | 2025-07-25 21:47:01.427890
[main-one_hot_prediction] [[1, 39, 60, 61, 2, 0, 0, 0, 0, 0, 0, 0, 0, 0, 0, 0, 0, 0, 0, 0]] | 2025-07-25 21:47:01.427890
[main-rounded_prediction] [[1, 0, 0, 0, 0, 0, 0, 0, 0, 0, 0, 0, 1, 0, 0, 0, 0, 0, 0, 0]] | 2025-07-25 21:47:01.427890
[user] download file | 2025-07-25 21:47:10.865247
[main-user_encoded] [1, 47, 9, 2, 0, 0, 0, 0, 0, 0, 0, 0, 0, 0, 0, 0, 0, 0, 0, 0, 0, 0, 0, 0, 0, 0, 0, 0, 0, 0, 0, 0] | 2025-07-25 21:47:10.865247
[main-user_normalized] [0.0196078431372549, 0.9215686274509803, 0.17647058823529413, 0.0392156862745098, 0.0, 0.0, 0.0, 0.0, 0.0, 0.0, 0.0, 0.0, 0.0, 0.0, 0.0, 0.0, 0.0, 0.0, 0.0, 0.0, 0.0, 0.0, 0.0, 0.0, 0.0, 0.0, 0.0, 0.0, 0.0, 0.0, 0.0, 0.0] | 2025-07-25 21:47:10.865247
[main-prediction] [[1.91367288e-03 1.34401393e-02 3.02381939e-04 6.80217371e-04
  1.15897427e-02 1.18742140e-02 3.50152224e-09 1.62482710e-02
  2.12378064e-03 3.45760584e-04 1.67902938e-05 5.87945643e-08
  9.99999566e-01 1.72354847e-02 1.78412099e-02 2.27733394e-03
  1.34016013e-06 9.63840729e-01 7.19366232e-04 4.03586390e-04]] | 2025-07-25 21:47:10.866248
[main-confidence] Confidence Score = 100.00% | 2025-07-25 21:47:10.866248
[main-one_hot_prediction] [[1, 82, 83, 35, 2, 0, 0, 0, 0, 0, 0, 0, 0, 0, 0, 0, 0, 0, 0, 0]] | 2025-07-25 21:47:10.866248
[main-rounded_prediction] [[0, 0, 0, 0, 0, 0, 0, 0, 0, 0, 0, 0, 1, 0, 0, 0, 0, 1, 0, 0]] | 2025-07-25 21:47:10.866248
[user] list all files | 2025-07-25 21:47:17.963115
[main-user_encoded] [1, 4, 5, 6, 2, 0, 0, 0, 0, 0, 0, 0, 0, 0, 0, 0, 0, 0, 0, 0, 0, 0, 0, 0, 0, 0, 0, 0, 0, 0, 0, 0] | 2025-07-25 21:47:17.963115
[main-user_normalized] [0.0196078431372549, 0.0784313725490196, 0.09803921568627451, 0.11764705882352941, 0.0392156862745098, 0.0, 0.0, 0.0, 0.0, 0.0, 0.0, 0.0, 0.0, 0.0, 0.0, 0.0, 0.0, 0.0, 0.0, 0.0, 0.0, 0.0, 0.0, 0.0, 0.0, 0.0, 0.0, 0.0, 0.0, 0.0, 0.0, 0.0] | 2025-07-25 21:47:17.963115
[main-prediction] [[1.01845444e-01 6.08073469e-01 9.11480454e-06 6.61206138e-02
  3.80987719e-03 3.09528371e-05 3.29634795e-02 3.14041291e-03
  1.89189834e-02 1.53647721e-03 3.74007622e-06 7.00487100e-05
  9.99999980e-01 7.44654055e-06 4.18471378e-03 1.32119449e-03
  1.13968067e-09 2.83395331e-03 1.08556657e-07 1.97316452e-05]] | 2025-07-25 21:47:17.964117
[main-confidence] Confidence Score = 100.00% | 2025-07-25 21:47:17.964117
[main-one_hot_prediction] [[1, 52, 53, 2, 0, 0, 0, 0, 0, 0, 0, 0, 0, 0, 0, 0, 0, 0, 0, 0]] | 2025-07-25 21:47:17.964117
[main-rounded_prediction] [[0, 1, 0, 0, 0, 0, 0, 0, 0, 0, 0, 0, 1, 0, 0, 0, 0, 0, 0, 0]] | 2025-07-25 21:47:17.964117
[user] q | 2025-07-25 21:47:19.844853
[main-quit] Shutting down the AI. | 2025-07-25 21:47:19.844853
[main-model_type] ff | 2025-07-25 21:49:17.981460
[user] list all files | 2025-07-25 21:49:31.363772
[main-user_encoded] [1, 4, 5, 6, 2, 0, 0, 0, 0, 0, 0, 0, 0, 0, 0, 0, 0, 0, 0, 0, 0, 0, 0, 0, 0, 0, 0, 0, 0, 0, 0, 0] | 2025-07-25 21:49:31.363772
[main-user_normalized] [0.0196078431372549, 0.0784313725490196, 0.09803921568627451, 0.11764705882352941, 0.0392156862745098, 0.0, 0.0, 0.0, 0.0, 0.0, 0.0, 0.0, 0.0, 0.0, 0.0, 0.0, 0.0, 0.0, 0.0, 0.0, 0.0, 0.0, 0.0, 0.0, 0.0, 0.0, 0.0, 0.0, 0.0, 0.0, 0.0, 0.0] | 2025-07-25 21:49:31.363772
[main-prediction] [[1.05442237e-01 8.84676193e-01 3.12314283e-01 1.13603901e-01
  6.21984923e-03 6.80436498e-05 2.23697613e-02 1.03839037e-03
  4.42357722e-02 9.99999764e-01 1.92659993e-02 9.39239125e-04
  2.44762941e-06 9.18303385e-06 1.96760107e-05 3.37392607e-09
  4.90746300e-08 3.94566106e-10 1.38337991e-09 6.33758327e-06]] | 2025-07-25 21:49:31.364774
[main-confidence] Confidence Score = 100.00% | 2025-07-25 21:49:31.364774
[main-one_hot_prediction] [[1, 52, 53, 2, 0, 0, 0, 0, 0, 0, 0, 0, 0, 0, 0, 0, 0, 0, 0, 0]] | 2025-07-25 21:49:31.364774
[main-rounded_prediction] [[0, 1, 0, 0, 0, 0, 0, 0, 0, 1, 0, 0, 0, 0, 0, 0, 0, 0, 0, 0]] | 2025-07-25 21:49:31.364774
[user] q | 2025-07-25 21:49:34.318155
[main-quit] Shutting down the AI. | 2025-07-25 21:49:34.318155
[main-model_type] ff | 2025-07-25 21:52:56.493810
[user] list all files | 2025-07-25 21:53:07.396583
[main-user_encoded] [1, 4, 5, 6, 2, 0, 0, 0, 0, 0, 0, 0, 0, 0, 0, 0, 0, 0, 0, 0, 0, 0, 0, 0, 0, 0, 0, 0, 0, 0, 0, 0] | 2025-07-25 21:53:07.396583
[main-user_normalized] [0.0196078431372549, 0.0784313725490196, 0.09803921568627451, 0.11764705882352941, 0.0392156862745098, 0.0, 0.0, 0.0, 0.0, 0.0, 0.0, 0.0, 0.0, 0.0, 0.0, 0.0, 0.0, 0.0, 0.0, 0.0, 0.0, 0.0, 0.0, 0.0, 0.0, 0.0, 0.0, 0.0, 0.0, 0.0, 0.0, 0.0] | 2025-07-25 21:53:07.396583
[main-prediction] [[9.40057049e-02 8.76879045e-01 2.32753483e-07 3.17278927e-02
  2.74746878e-02 2.85411017e-06 1.96170578e-02 4.95612657e-04
  2.16949701e-03 1.28793107e-03 6.55055277e-08 1.35809542e-05
  9.81653407e-05 6.98863761e-07 2.22638079e-05 2.78463975e-04
  5.48971657e-10 9.12482871e-04 5.42903776e-07 2.55747603e-06]] | 2025-07-25 21:53:07.397582
[main-confidence] Confidence Score = 87.69% | 2025-07-25 21:53:07.397582
[main-one_hot_prediction] [[1, 52, 53, 2, 0, 0, 0, 0, 0, 0, 0, 0, 0, 0, 0, 0, 0, 0, 0, 0]] | 2025-07-25 21:53:07.397582
[main-rounded_prediction] [[0, 1, 0, 0, 0, 0, 0, 0, 0, 0, 0, 0, 0, 0, 0, 0, 0, 0, 0, 0]] | 2025-07-25 21:53:07.397582
[main-decoded-prediction] ls -la | 2025-07-25 21:53:07.397582
[user] q | 2025-07-25 21:53:19.046047
[main-quit] Shutting down the AI. | 2025-07-25 21:53:19.046047
[main-model_type] ff | 2025-07-25 22:46:58.707878
[user] scan network | 2025-07-25 22:48:48.623983
[main-user_encoded] [1, 10, 11, 2, 0, 0, 0, 0, 0, 0, 0, 0, 0, 0, 0, 0, 0, 0, 0, 0, 0, 0, 0, 0, 0, 0, 0, 0, 0, 0, 0, 0] | 2025-07-25 22:48:48.623983
[main-user_normalized] [0.0196078431372549, 0.19607843137254902, 0.21568627450980393, 0.0392156862745098, 0.0, 0.0, 0.0, 0.0, 0.0, 0.0, 0.0, 0.0, 0.0, 0.0, 0.0, 0.0, 0.0, 0.0, 0.0, 0.0, 0.0, 0.0, 0.0, 0.0, 0.0, 0.0, 0.0, 0.0, 0.0, 0.0, 0.0, 0.0] | 2025-07-25 22:48:48.623983
[main-prediction] [[8.83205934e-01 3.04228181e-02 3.79348713e-05 4.66804865e-02
  5.56717473e-03 1.38767944e-05 6.09083160e-03 1.15851315e-08
  1.01355868e-02 9.19456167e-05 4.78937767e-04 2.69826544e-04
  1.05750570e-05 1.12934889e-03 1.65070176e-06 6.49423141e-08
  8.29723031e-09 1.18811500e-05 3.34674158e-04 5.38147090e-07]] | 2025-07-25 22:48:48.624983
[main-confidence] Confidence Score = 88.32% | 2025-07-25 22:48:48.624983
[main-one_hot_prediction] [[1, 39, 60, 61, 2, 0, 0, 0, 0, 0, 0, 0, 0, 0, 0, 0, 0, 0, 0, 0]] | 2025-07-25 22:48:48.624983
[main-rounded_prediction] [[1, 0, 0, 0, 0, 0, 0, 0, 0, 0, 0, 0, 0, 0, 0, 0, 0, 0, 0, 0]] | 2025-07-25 22:48:48.624983
[main-decoded-prediction] nmap -sp 192.168.1.0/24 | 2025-07-25 22:48:48.624983
[user] q | 2025-07-25 22:48:51.281498
[main-quit] Shutting down the AI. | 2025-07-25 22:48:51.281498
[main-model_type] ff | 2025-07-25 22:58:53.771701
[main-model_type] ff | 2025-07-25 22:59:42.167903
[main-model_type] ff | 2025-07-25 22:59:49.985877
[main-model_type] ff | 2025-07-25 23:00:13.067753
[user] q | 2025-07-25 23:00:22.816955
[main-quit] Shutting down the AI. | 2025-07-25 23:00:22.816955
[main-model_type] ff | 2025-07-25 23:00:37.476202
[main-model_type] ff | 2025-07-25 23:00:53.747195
[user] q | 2025-07-25 23:01:26.206622
[main-quit] Shutting down the AI. | 2025-07-25 23:01:26.206622
[main-model_type] ff | 2025-07-25 23:01:28.247331
[main-model_type] ff | 2025-07-25 23:01:39.728285
[user] cersvk{arkg_gvzr_V'yy_gel_2_ebhaqf_bs_ebg13_uJdSftmh} | 2025-07-25 23:02:40.235620
[main-user_encoded] [1, 52, 2, 0, 0, 0, 0, 0, 0, 0, 0, 0, 0, 0, 0, 0, 0, 0, 0, 0, 0, 0, 0, 0, 0, 0, 0, 0, 0, 0, 0, 0] | 2025-07-25 23:02:40.235620
[main-user_normalized] [0.014492753623188406, 0.7536231884057971, 0.028985507246376812, 0.0, 0.0, 0.0, 0.0, 0.0, 0.0, 0.0, 0.0, 0.0, 0.0, 0.0, 0.0, 0.0, 0.0, 0.0, 0.0, 0.0, 0.0, 0.0, 0.0, 0.0, 0.0, 0.0, 0.0, 0.0, 0.0, 0.0, 0.0, 0.0] | 2025-07-25 23:02:40.235620
[main-prediction] [[2.28276424e-03 1.20315802e-07 1.70730240e-04 5.20039275e-05
  4.83757639e-05 1.91672105e-04 2.04724037e-07 2.00635700e-03
  9.52145287e-03 8.28660631e-03 9.10679673e-03 1.04152296e-02
  5.78294726e-04 3.77321635e-04 1.77851481e-07 6.78689230e-06
  9.99999997e-01 9.99999617e-01 7.79874552e-05 6.70950169e-03
  8.72946054e-01 2.92708955e-05]] | 2025-07-25 23:02:40.235620
[main-confidence] Confidence Score = 100.00% | 2025-07-25 23:02:40.235620
[main-one_hot_prediction] [[1, 105, 106, 2, 0, 0, 0, 0, 0, 0, 0, 0, 0, 0, 0, 0, 0, 0, 0, 0, 0, 0]] | 2025-07-25 23:02:40.235620
[main-rounded_prediction] [[0, 0, 0, 0, 0, 0, 0, 0, 0, 0, 0, 0, 0, 0, 0, 0, 1, 1, 0, 0, 1, 0]] | 2025-07-25 23:02:40.235620
[main-decoded-prediction] mkdir new_folder | 2025-07-25 23:02:40.236622
[user] list all files | 2025-07-25 23:02:48.479385
[main-user_encoded] [1, 4, 5, 6, 2, 0, 0, 0, 0, 0, 0, 0, 0, 0, 0, 0, 0, 0, 0, 0, 0, 0, 0, 0, 0, 0, 0, 0, 0, 0, 0, 0] | 2025-07-25 23:02:48.479385
[main-user_normalized] [0.014492753623188406, 0.057971014492753624, 0.07246376811594203, 0.08695652173913043, 0.028985507246376812, 0.0, 0.0, 0.0, 0.0, 0.0, 0.0, 0.0, 0.0, 0.0, 0.0, 0.0, 0.0, 0.0, 0.0, 0.0, 0.0, 0.0, 0.0, 0.0, 0.0, 0.0, 0.0, 0.0, 0.0, 0.0, 0.0, 0.0] | 2025-07-25 23:02:48.479385
[main-prediction] [[1.29873935e-01 2.06020591e-08 3.63859195e-01 6.25868633e-02
  1.18727949e-02 3.45014577e-04 3.62664504e-02 1.63538449e-05
  1.54042494e-02 1.67845531e-02 4.56209436e-03 3.85562571e-04
  4.25785099e-04 3.32445857e-05 1.30938867e-05 2.16450318e-06
  9.99999966e-01 9.99999848e-01 6.02495194e-08 2.82739104e-05
  1.07922637e-03 2.80616364e-02]] | 2025-07-25 23:02:48.480386
[main-confidence] Confidence Score = 100.00% | 2025-07-25 23:02:48.480386
[main-one_hot_prediction] [[1, 105, 106, 2, 0, 0, 0, 0, 0, 0, 0, 0, 0, 0, 0, 0, 0, 0, 0, 0, 0, 0]] | 2025-07-25 23:02:48.480386
[main-rounded_prediction] [[0, 0, 0, 0, 0, 0, 0, 0, 0, 0, 0, 0, 0, 0, 0, 0, 1, 1, 0, 0, 0, 0]] | 2025-07-25 23:02:48.480386
[main-decoded-prediction] mkdir new_folder | 2025-07-25 23:02:48.480386
[user] scan network | 2025-07-25 23:02:55.286086
[main-user_encoded] [1, 10, 11, 2, 0, 0, 0, 0, 0, 0, 0, 0, 0, 0, 0, 0, 0, 0, 0, 0, 0, 0, 0, 0, 0, 0, 0, 0, 0, 0, 0, 0] | 2025-07-25 23:02:55.286086
[main-user_normalized] [0.014492753623188406, 0.14492753623188406, 0.15942028985507245, 0.028985507246376812, 0.0, 0.0, 0.0, 0.0, 0.0, 0.0, 0.0, 0.0, 0.0, 0.0, 0.0, 0.0, 0.0, 0.0, 0.0, 0.0, 0.0, 0.0, 0.0, 0.0, 0.0, 0.0, 0.0, 0.0, 0.0, 0.0, 0.0, 0.0] | 2025-07-25 23:02:55.286086
[main-prediction] [[8.18954927e-01 2.74717784e-08 9.09545931e-02 9.66465245e-02
  3.23800909e-02 5.12859290e-03 4.47749571e-03 1.88754982e-05
  8.49298861e-04 9.04781391e-03 1.22453549e-03 1.25469882e-03
  2.35474045e-03 5.69430599e-05 8.34821003e-06 1.56346246e-06
  9.99999978e-01 9.99999723e-01 1.06749825e-07 4.77698910e-05
  2.26495411e-04 1.27677918e-02]] | 2025-07-25 23:02:55.287086
[main-confidence] Confidence Score = 100.00% | 2025-07-25 23:02:55.287086
[main-one_hot_prediction] [[1, 39, 78, 79, 2, 0, 0, 0, 0, 0, 0, 0, 0, 0, 0, 0, 0, 0, 0, 0, 0, 0]] | 2025-07-25 23:02:55.287086
[main-rounded_prediction] [[1, 0, 0, 0, 0, 0, 0, 0, 0, 0, 0, 0, 0, 0, 0, 0, 1, 1, 0, 0, 0, 0]] | 2025-07-25 23:02:55.287086
[main-decoded-prediction] nmap -sp 192.168.1.0/24 | 2025-07-25 23:02:55.287086
[user] q | 2025-07-25 23:02:57.091964
[main-quit] Shutting down the AI. | 2025-07-25 23:02:57.091964
[main-model_type] ff | 2025-07-25 23:04:29.467507
[main-model_type] ff | 2025-07-25 23:04:40.749810
[user] scan network | 2025-07-25 23:05:00.418959
[main-user_encoded] [1, 10, 11, 2, 0, 0, 0, 0, 0, 0, 0, 0, 0, 0, 0, 0, 0, 0, 0, 0, 0, 0, 0, 0, 0, 0, 0, 0, 0, 0, 0, 0] | 2025-07-25 23:05:00.418959
[main-user_normalized] [0.014285714285714285, 0.14285714285714285, 0.15714285714285714, 0.02857142857142857, 0.0, 0.0, 0.0, 0.0, 0.0, 0.0, 0.0, 0.0, 0.0, 0.0, 0.0, 0.0, 0.0, 0.0, 0.0, 0.0, 0.0, 0.0, 0.0, 0.0, 0.0, 0.0, 0.0, 0.0, 0.0, 0.0, 0.0, 0.0] | 2025-07-25 23:05:00.418959
[main-prediction] [[8.32826887e-01 4.40983647e-02 8.52870673e-02 1.20738052e-01
  2.64488591e-02 2.05365178e-03 5.45954303e-03 1.01950077e-01
  2.22826075e-03 8.51479810e-04 4.40801009e-04 3.27839722e-04
  6.17037286e-04 1.78114814e-06 2.22034479e-03 3.10186337e-04
  2.57829639e-09 2.86056859e-03 8.20370169e-07 1.29539414e-06
  5.39726431e-05 8.73112708e-05 3.90427247e-03]] | 2025-07-25 23:05:00.418959
[main-confidence] Confidence Score = 83.28% | 2025-07-25 23:05:00.419958
[main-one_hot_prediction] [[1, 39, 79, 80, 2, 0, 0, 0, 0, 0, 0, 0, 0, 0, 0, 0, 0, 0, 0, 0, 0, 0, 0]] | 2025-07-25 23:05:00.419958
[main-rounded_prediction] [[1, 0, 0, 0, 0, 0, 0, 0, 0, 0, 0, 0, 0, 0, 0, 0, 0, 0, 0, 0, 0, 0, 0]] | 2025-07-25 23:05:00.419958
[main-decoded-prediction] nmap -sp 192.168.1.0/24 | 2025-07-25 23:05:00.419958
[user] q | 2025-07-25 23:05:03.210093
[main-quit] Shutting down the AI. | 2025-07-25 23:05:03.210093
[main-model_type] ff | 2025-07-25 23:05:23.269727
[user] cersvk{abg_gbb_onq_bs_n_ceboyrz} | 2025-07-25 23:05:52.168978
[main-user_encoded] [1, 70, 2, 0, 0, 0, 0, 0, 0, 0, 0, 0, 0, 0, 0, 0, 0, 0, 0, 0, 0, 0, 0, 0, 0, 0, 0, 0, 0, 0, 0, 0] | 2025-07-25 23:05:52.168978
[main-user_normalized] [0.014285714285714285, 1.0, 0.02857142857142857, 0.0, 0.0, 0.0, 0.0, 0.0, 0.0, 0.0, 0.0, 0.0, 0.0, 0.0, 0.0, 0.0, 0.0, 0.0, 0.0, 0.0, 0.0, 0.0, 0.0, 0.0, 0.0, 0.0, 0.0, 0.0, 0.0, 0.0, 0.0, 0.0] | 2025-07-25 23:05:52.168978
[main-prediction] [[2.99367195e-05 1.19464800e-06 7.44270037e-03 1.74182974e-04
  9.41423573e-06 1.00000000e+00 1.50639055e-04 3.09565162e-04
  4.96319763e-06 9.18334244e-04 1.53139688e-03 8.25108118e-04
  2.55232432e-03 4.41562646e-06 1.37027333e-06 2.39531424e-10
  2.04274968e-07 1.63535610e-06 5.75093726e-06 6.74776569e-03
  2.70884423e-10 9.99997595e-01 4.78838246e-03]] | 2025-07-25 23:05:52.170484
[main-confidence] Confidence Score = 100.00% | 2025-07-25 23:05:52.170484
[main-one_hot_prediction] [[1, 90, 2, 0, 0, 0, 0, 0, 0, 0, 0, 0, 0, 0, 0, 0, 0, 0, 0, 0, 0, 0, 0]] | 2025-07-25 23:05:52.170484
[main-rounded_prediction] [[0, 0, 0, 0, 0, 1, 0, 0, 0, 0, 0, 0, 0, 0, 0, 0, 0, 0, 0, 0, 0, 1, 0]] | 2025-07-25 23:05:52.170484
[main-decoded-prediction] htop | 2025-07-25 23:05:52.170484
[user] list all files | 2025-07-25 23:05:57.437555
[main-user_encoded] [1, 4, 5, 6, 2, 0, 0, 0, 0, 0, 0, 0, 0, 0, 0, 0, 0, 0, 0, 0, 0, 0, 0, 0, 0, 0, 0, 0, 0, 0, 0, 0] | 2025-07-25 23:05:57.437555
[main-user_normalized] [0.014285714285714285, 0.05714285714285714, 0.07142857142857142, 0.08571428571428572, 0.02857142857142857, 0.0, 0.0, 0.0, 0.0, 0.0, 0.0, 0.0, 0.0, 0.0, 0.0, 0.0, 0.0, 0.0, 0.0, 0.0, 0.0, 0.0, 0.0, 0.0, 0.0, 0.0, 0.0, 0.0, 0.0, 0.0, 0.0, 0.0] | 2025-07-25 23:05:57.437555
[main-prediction] [[5.54299635e-02 9.12994808e-01 3.50189001e-04 1.08470757e-02
  6.37575270e-05 1.00000000e+00 8.48317635e-06 4.81190935e-04
  1.41050945e-02 5.55636502e-08 3.87850177e-03 4.11085909e-06
  1.18877630e-05 3.25566863e-06 1.42486488e-04 1.05826203e-10
  4.01057647e-14 7.87737351e-03 2.63869117e-07 3.36461806e-08
  2.90096179e-11 9.99980247e-01 2.87252406e-03]] | 2025-07-25 23:05:57.438555
[main-confidence] Confidence Score = 100.00% | 2025-07-25 23:05:57.438555
[main-one_hot_prediction] [[1, 71, 72, 2, 0, 0, 0, 0, 0, 0, 0, 0, 0, 0, 0, 0, 0, 0, 0, 0, 0, 0, 0]] | 2025-07-25 23:05:57.438555
[main-rounded_prediction] [[0, 1, 0, 0, 0, 1, 0, 0, 0, 0, 0, 0, 0, 0, 0, 0, 0, 0, 0, 0, 0, 1, 0]] | 2025-07-25 23:05:57.438555
[main-decoded-prediction] ls -la | 2025-07-25 23:05:57.438555
[user] scan network | 2025-07-25 23:06:05.142533
[main-user_encoded] [1, 10, 11, 2, 0, 0, 0, 0, 0, 0, 0, 0, 0, 0, 0, 0, 0, 0, 0, 0, 0, 0, 0, 0, 0, 0, 0, 0, 0, 0, 0, 0] | 2025-07-25 23:06:05.142533
[main-user_normalized] [0.014285714285714285, 0.14285714285714285, 0.15714285714285714, 0.02857142857142857, 0.0, 0.0, 0.0, 0.0, 0.0, 0.0, 0.0, 0.0, 0.0, 0.0, 0.0, 0.0, 0.0, 0.0, 0.0, 0.0, 0.0, 0.0, 0.0, 0.0, 0.0, 0.0, 0.0, 0.0, 0.0, 0.0, 0.0, 0.0] | 2025-07-25 23:06:05.142533
[main-prediction] [[9.23265280e-01 3.47045321e-02 3.90101686e-05 1.53230018e-02
  6.89834840e-04 1.00000000e+00 1.11112673e-05 5.26651116e-02
  6.48083825e-04 6.03544467e-07 1.96340730e-03 1.65852470e-05
  1.70199717e-04 5.41966732e-07 4.67034659e-05 3.10257013e-11
  3.35970640e-13 9.26882941e-05 1.47041059e-07 4.10393023e-07
  1.71433591e-11 9.99976353e-01 2.34682298e-03]] | 2025-07-25 23:06:05.143534
[main-confidence] Confidence Score = 100.00% | 2025-07-25 23:06:05.143534
[main-one_hot_prediction] [[1, 39, 79, 80, 2, 0, 0, 0, 0, 0, 0, 0, 0, 0, 0, 0, 0, 0, 0, 0, 0, 0, 0]] | 2025-07-25 23:06:05.143534
[main-rounded_prediction] [[1, 0, 0, 0, 0, 1, 0, 0, 0, 0, 0, 0, 0, 0, 0, 0, 0, 0, 0, 0, 0, 1, 0]] | 2025-07-25 23:06:05.143534
[main-decoded-prediction] nmap -sp 192.168.1.0/24 | 2025-07-25 23:06:05.144535
[user] view file content | 2025-07-25 23:06:24.620570
[main-user_encoded] [1, 31, 9, 32, 2, 0, 0, 0, 0, 0, 0, 0, 0, 0, 0, 0, 0, 0, 0, 0, 0, 0, 0, 0, 0, 0, 0, 0, 0, 0, 0, 0] | 2025-07-25 23:06:24.620570
[main-user_normalized] [0.014285714285714285, 0.44285714285714284, 0.12857142857142856, 0.45714285714285713, 0.02857142857142857, 0.0, 0.0, 0.0, 0.0, 0.0, 0.0, 0.0, 0.0, 0.0, 0.0, 0.0, 0.0, 0.0, 0.0, 0.0, 0.0, 0.0, 0.0, 0.0, 0.0, 0.0, 0.0, 0.0, 0.0, 0.0, 0.0, 0.0] | 2025-07-25 23:06:24.620570
[main-prediction] [[2.92428202e-08 1.92843695e-09 4.45866364e-03 3.35688192e-03
  1.64830949e-06 1.00000000e+00 2.91581251e-07 7.29942531e-06
  2.24106682e-02 7.07384253e-07 9.41800658e-01 1.11555806e-03
  4.48049247e-02 2.13432614e-04 2.90912760e-04 3.44775306e-04
  2.03603322e-10 1.58737113e-04 8.72707249e-05 1.32580078e-09
  2.00817126e-10 9.99993489e-01 3.64865763e-04]] | 2025-07-25 23:06:24.621577
[main-confidence] Confidence Score = 100.00% | 2025-07-25 23:06:24.621577
[main-one_hot_prediction] [[1, 90, 2, 0, 0, 0, 0, 0, 0, 0, 0, 0, 0, 0, 0, 0, 0, 0, 0, 0, 0, 0, 0]] | 2025-07-25 23:06:24.621577
[main-rounded_prediction] [[0, 0, 0, 0, 0, 1, 0, 0, 0, 0, 1, 0, 0, 0, 0, 0, 0, 0, 0, 0, 0, 1, 0]] | 2025-07-25 23:06:24.621577
[main-decoded-prediction] htop | 2025-07-25 23:06:24.621577
[user] clear | 2025-07-25 23:06:27.098398
[main-user_encoded] [1, 3, 2, 0, 0, 0, 0, 0, 0, 0, 0, 0, 0, 0, 0, 0, 0, 0, 0, 0, 0, 0, 0, 0, 0, 0, 0, 0, 0, 0, 0, 0] | 2025-07-25 23:06:27.098398
[main-user_normalized] [0.014285714285714285, 0.04285714285714286, 0.02857142857142857, 0.0, 0.0, 0.0, 0.0, 0.0, 0.0, 0.0, 0.0, 0.0, 0.0, 0.0, 0.0, 0.0, 0.0, 0.0, 0.0, 0.0, 0.0, 0.0, 0.0, 0.0, 0.0, 0.0, 0.0, 0.0, 0.0, 0.0, 0.0, 0.0] | 2025-07-25 23:06:27.098398
[main-prediction] [[5.55924775e-01 9.97085439e-01 2.09798316e-04 8.60197298e-04
  1.88455945e-04 1.00000000e+00 2.21984592e-05 5.45578218e-04
  8.16503124e-03 3.06871070e-08 3.33071583e-03 6.32522019e-07
  2.17509654e-05 1.13148981e-06 1.14050413e-04 8.60304761e-12
  2.53651964e-14 6.88916772e-03 1.25839362e-07 1.25825780e-07
  3.30749976e-11 9.99987541e-01 5.52379647e-03]] | 2025-07-25 23:06:27.098398
[main-confidence] Confidence Score = 100.00% | 2025-07-25 23:06:27.098398
[main-one_hot_prediction] [[1, 39, 79, 80, 2, 0, 0, 0, 0, 0, 0, 0, 0, 0, 0, 0, 0, 0, 0, 0, 0, 0, 0]] | 2025-07-25 23:06:27.098398
[main-rounded_prediction] [[1, 1, 0, 0, 0, 1, 0, 0, 0, 0, 0, 0, 0, 0, 0, 0, 0, 0, 0, 0, 0, 1, 0]] | 2025-07-25 23:06:27.098398
[main-decoded-prediction] nmap -sp 192.168.1.0/24 | 2025-07-25 23:06:27.098398
[user] q | 2025-07-25 23:06:29.065032
[main-quit] Shutting down the AI. | 2025-07-25 23:06:29.065032
[main-model_type] ff | 2025-07-25 23:55:32.664423
[main-model_type] ff | 2025-07-25 23:56:04.677930
[user] list all files | 2025-07-25 23:56:34.386474
[main-user_encoded] [1, 4, 5, 6, 2, 0, 0, 0, 0, 0, 0, 0, 0, 0, 0, 0, 0, 0, 0, 0, 0, 0, 0, 0, 0, 0, 0, 0, 0, 0, 0, 0] | 2025-07-25 23:56:34.386474
[main-user_normalized] [0.0196078431372549, 0.0784313725490196, 0.09803921568627451, 0.11764705882352941, 0.0392156862745098, 0.0, 0.0, 0.0, 0.0, 0.0, 0.0, 0.0, 0.0, 0.0, 0.0, 0.0, 0.0, 0.0, 0.0, 0.0, 0.0, 0.0, 0.0, 0.0, 0.0, 0.0, 0.0, 0.0, 0.0, 0.0, 0.0, 0.0] | 2025-07-25 23:56:34.386474
[main-prediction] [[5.67084206e-02 2.54423030e-06 1.75673220e-05 2.36313397e-08
  5.60318065e-05 1.41851188e-06 4.97685808e-03 3.86580374e-03
  9.48996316e-15 1.00000000e+00 1.27126172e-13 2.37197426e-07
  4.09531815e-07 1.87131892e-12 9.99999739e-01 5.64620514e-12
  6.08373011e-10 2.07697537e-09 3.60599617e-06 1.62151400e-03]] | 2025-07-25 23:56:34.387479
[main-confidence] Confidence Score = 100.00% | 2025-07-25 23:56:34.387479
[main-one_hot_prediction] [[1, 78, 79, 80, 2, 0, 0, 0, 0, 0, 0, 0, 0, 0, 0, 0, 0, 0, 0, 0]] | 2025-07-25 23:56:34.387479
[main-rounded_prediction] [[0, 0, 0, 0, 0, 0, 0, 0, 0, 1, 0, 0, 0, 0, 1, 0, 0, 0, 0, 0]] | 2025-07-25 23:56:34.387479
[main-decoded-prediction] mv logfile.log archive/ | 2025-07-25 23:56:34.388481
[user] scan network | 2025-07-25 23:56:39.545590
[main-user_encoded] [1, 10, 11, 2, 0, 0, 0, 0, 0, 0, 0, 0, 0, 0, 0, 0, 0, 0, 0, 0, 0, 0, 0, 0, 0, 0, 0, 0, 0, 0, 0, 0] | 2025-07-25 23:56:39.545590
[main-user_normalized] [0.0196078431372549, 0.19607843137254902, 0.21568627450980393, 0.0392156862745098, 0.0, 0.0, 0.0, 0.0, 0.0, 0.0, 0.0, 0.0, 0.0, 0.0, 0.0, 0.0, 0.0, 0.0, 0.0, 0.0, 0.0, 0.0, 0.0, 0.0, 0.0, 0.0, 0.0, 0.0, 0.0, 0.0, 0.0, 0.0] | 2025-07-25 23:56:39.545590
[main-prediction] [[9.21764033e-01 1.62733506e-06 5.46386598e-05 1.06470683e-07
  1.28527122e-03 3.30143908e-06 2.91269587e-04 6.36150549e-02
  1.73150939e-15 1.00000000e+00 2.67503374e-14 2.51471478e-05
  4.74752155e-06 8.63732750e-10 9.99999803e-01 2.98473938e-12
  1.06985807e-09 3.83192406e-08 1.63795368e-05 9.44063517e-04]] | 2025-07-25 23:56:39.545590
[main-confidence] Confidence Score = 100.00% | 2025-07-25 23:56:39.546595
[main-one_hot_prediction] [[1, 39, 60, 61, 2, 0, 0, 0, 0, 0, 0, 0, 0, 0, 0, 0, 0, 0, 0, 0]] | 2025-07-25 23:56:39.546595
[main-rounded_prediction] [[1, 0, 0, 0, 0, 0, 0, 0, 0, 1, 0, 0, 0, 0, 1, 0, 0, 0, 0, 0]] | 2025-07-25 23:56:39.546595
[main-decoded-prediction] nmap -sp 192.168.1.0/24 | 2025-07-25 23:56:39.546595
[user] list all files | 2025-07-25 23:56:43.691312
[main-user_encoded] [1, 4, 5, 6, 2, 0, 0, 0, 0, 0, 0, 0, 0, 0, 0, 0, 0, 0, 0, 0, 0, 0, 0, 0, 0, 0, 0, 0, 0, 0, 0, 0] | 2025-07-25 23:56:43.691312
[main-user_normalized] [0.0196078431372549, 0.0784313725490196, 0.09803921568627451, 0.11764705882352941, 0.0392156862745098, 0.0, 0.0, 0.0, 0.0, 0.0, 0.0, 0.0, 0.0, 0.0, 0.0, 0.0, 0.0, 0.0, 0.0, 0.0, 0.0, 0.0, 0.0, 0.0, 0.0, 0.0, 0.0, 0.0, 0.0, 0.0, 0.0, 0.0] | 2025-07-25 23:56:43.691312
[main-prediction] [[5.67084206e-02 2.54423030e-06 1.75673220e-05 2.36313397e-08
  5.60318065e-05 1.41851188e-06 4.97685808e-03 3.86580374e-03
  9.48996316e-15 1.00000000e+00 1.27126172e-13 2.37197426e-07
  4.09531815e-07 1.87131892e-12 9.99999739e-01 5.64620514e-12
  6.08373011e-10 2.07697537e-09 3.60599617e-06 1.62151400e-03]] | 2025-07-25 23:56:43.692311
[main-confidence] Confidence Score = 100.00% | 2025-07-25 23:56:43.692311
[main-one_hot_prediction] [[1, 78, 79, 80, 2, 0, 0, 0, 0, 0, 0, 0, 0, 0, 0, 0, 0, 0, 0, 0]] | 2025-07-25 23:56:43.692311
[main-rounded_prediction] [[0, 0, 0, 0, 0, 0, 0, 0, 0, 1, 0, 0, 0, 0, 1, 0, 0, 0, 0, 0]] | 2025-07-25 23:56:43.692311
[main-decoded-prediction] mv logfile.log archive/ | 2025-07-25 23:56:43.692311
[user] q | 2025-07-25 23:56:45.895170
[main-quit] Shutting down the AI. | 2025-07-25 23:56:45.895170
