[main-model_type] ff | 2025-07-28 07:54:48.206413
[main-loss] 0.0738 | 2025-07-28 07:55:13.485108
[user] list all files | 2025-07-28 07:55:18.034837
[main-user_encoded] [1, 4, 5, 6, 2, 0, 0, 0, 0, 0, 0, 0, 0, 0, 0, 0, 0, 0, 0, 0, 0, 0, 0, 0, 0, 0, 0, 0, 0, 0, 0, 0] | 2025-07-28 07:55:18.034948
[main-user_normalized] [0.005747126436781609, 0.022988505747126436, 0.028735632183908046, 0.034482758620689655, 0.011494252873563218, 0.0, 0.0, 0.0, 0.0, 0.0, 0.0, 0.0, 0.0, 0.0, 0.0, 0.0, 0.0, 0.0, 0.0, 0.0, 0.0, 0.0, 0.0, 0.0, 0.0, 0.0, 0.0, 0.0, 0.0, 0.0, 0.0, 0.0] | 2025-07-28 07:55:18.034999
[main-prediction] [[1.21067200e-06 1.00000000e+00 4.18384484e-03 8.18467100e-10
  9.92438536e-08 5.84811627e-08 2.09953153e-07 2.15072142e-04
  1.92636318e-05 5.83428176e-12 2.00226513e-06 1.78863686e-08
  1.25780828e-06 3.21966707e-12 3.20383529e-10 8.83234912e-06
  1.44703803e-06 1.50504263e-05 5.50412265e-08 1.68515224e-04
  2.90227771e-08 8.68960360e-02 4.63890784e-09 5.89742215e-02
  2.99273773e-06 3.99286290e-07 8.02105540e-06 1.42433552e-07
  7.02165944e-10 5.75734849e-08 1.13472209e-05 3.39447675e-10
  5.96653167e-09 2.19515367e-06 1.00287529e-02 1.00000000e+00
  1.16635483e-04 9.25176315e-03 3.73311025e-09 5.77807337e-04
  6.91075290e-07 1.73532974e-05 1.46096265e-10 7.17880643e-06
  4.00042096e-08 2.20609136e-08 1.41449754e-06 3.95837538e-04
  4.54973888e-09 2.36305694e-04 5.17509207e-07 4.81748946e-06
  1.89510590e-08 1.37729853e-08 9.99999986e-01 9.40988112e-04
  2.45246256e-05 3.13083969e-06 1.55405458e-05 5.20752763e-05
  2.35317197e-09 7.91932689e-07]] | 2025-07-28 07:55:18.038475
[main-confidence] Confidence Score = 100.00% | 2025-07-28 07:55:18.038493
[main-one_hot_prediction] [[1, 92, 236, 237, 238, 21, 239, 144, 240, 163, 124, 241, 242, 243, 2, 0, 0, 0, 0, 0, 0, 0, 0, 0, 0, 0, 0, 0, 0, 0, 0, 0, 0, 0, 0, 0, 0, 0, 0, 0, 0, 0, 0, 0, 0, 0, 0, 0, 0, 0, 0, 0, 0, 0, 0, 0, 0, 0, 0, 0, 0, 0]] | 2025-07-28 07:55:18.038682
[main-rounded_prediction] [[0, 1, 0, 0, 0, 0, 0, 0, 0, 0, 0, 0, 0, 0, 0, 0, 0, 0, 0, 0, 0, 0, 0, 0, 0, 0, 0, 0, 0, 0, 0, 0, 0, 0, 0, 1, 0, 0, 0, 0, 0, 0, 0, 0, 0, 0, 0, 0, 0, 0, 0, 0, 0, 0, 1, 0, 0, 0, 0, 0, 0, 0]] | 2025-07-28 07:55:18.038696
[main-decoded-prediction] use browser dev tools to disable javascript or intercept requests with burp suite | 2025-07-28 07:55:18.038740
[user] scan network | 2025-07-28 07:55:25.391139
[main-user_encoded] [1, 10, 11, 2, 0, 0, 0, 0, 0, 0, 0, 0, 0, 0, 0, 0, 0, 0, 0, 0, 0, 0, 0, 0, 0, 0, 0, 0, 0, 0, 0, 0] | 2025-07-28 07:55:25.391224
[main-user_normalized] [0.005747126436781609, 0.05747126436781609, 0.06321839080459771, 0.011494252873563218, 0.0, 0.0, 0.0, 0.0, 0.0, 0.0, 0.0, 0.0, 0.0, 0.0, 0.0, 0.0, 0.0, 0.0, 0.0, 0.0, 0.0, 0.0, 0.0, 0.0, 0.0, 0.0, 0.0, 0.0, 0.0, 0.0, 0.0, 0.0] | 2025-07-28 07:55:25.391264
[main-prediction] [[6.55658062e-07 1.00000000e+00 7.22446688e-04 2.28729433e-09
  3.36058148e-07 6.17199211e-08 5.33517920e-08 1.47407217e-04
  3.37949849e-05 1.65691136e-11 4.49893740e-06 3.23994100e-08
  5.10225552e-07 1.43281129e-12 5.31861178e-10 2.30493118e-06
  2.27636619e-06 1.04163243e-05 9.73450991e-08 1.03255905e-04
  2.22611230e-08 1.48108286e-01 3.57807137e-09 1.90439831e-03
  1.75277509e-06 2.30457303e-07 1.84126904e-05 2.01988599e-08
  3.03559014e-10 3.66727924e-08 5.24690978e-06 2.91380744e-10
  8.15697171e-09 1.51868688e-06 2.85753142e-03 1.00000000e+00
  6.38082520e-05 6.56929083e-03 1.19087588e-08 1.64844063e-04
  4.85057530e-07 6.73873812e-06 4.52704521e-10 1.90375139e-05
  1.20779856e-07 1.70413219e-08 3.15564336e-06 6.87722725e-04
  2.96779968e-09 4.28292834e-04 1.13794607e-07 8.37324591e-06
  1.60388310e-08 2.89003467e-08 9.99999984e-01 3.08831056e-04
  1.85629589e-05 5.26797279e-06 1.16610461e-05 3.31296130e-05
  1.02496038e-09 3.95466969e-07]] | 2025-07-28 07:55:25.392767
[main-confidence] Confidence Score = 100.00% | 2025-07-28 07:55:25.392783
[main-one_hot_prediction] [[1, 92, 236, 237, 238, 21, 239, 144, 240, 163, 124, 241, 242, 243, 2, 0, 0, 0, 0, 0, 0, 0, 0, 0, 0, 0, 0, 0, 0, 0, 0, 0, 0, 0, 0, 0, 0, 0, 0, 0, 0, 0, 0, 0, 0, 0, 0, 0, 0, 0, 0, 0, 0, 0, 0, 0, 0, 0, 0, 0, 0, 0]] | 2025-07-28 07:55:25.392945
[main-rounded_prediction] [[0, 1, 0, 0, 0, 0, 0, 0, 0, 0, 0, 0, 0, 0, 0, 0, 0, 0, 0, 0, 0, 0, 0, 0, 0, 0, 0, 0, 0, 0, 0, 0, 0, 0, 0, 1, 0, 0, 0, 0, 0, 0, 0, 0, 0, 0, 0, 0, 0, 0, 0, 0, 0, 0, 1, 0, 0, 0, 0, 0, 0, 0]] | 2025-07-28 07:55:25.392956
[main-decoded-prediction] use browser dev tools to disable javascript or intercept requests with burp suite | 2025-07-28 07:55:25.392997
[user] q | 2025-07-28 07:55:27.653305
[main-quit] Shutting down the AI. | 2025-07-28 07:55:27.653360
[main-model_type] ff | 2025-07-28 07:55:40.004121
[main-loss] 0.0587 | 2025-07-28 07:56:32.006896
[user] scan network | 2025-07-28 07:56:39.461851
[main-user_encoded] [1, 10, 11, 2, 0, 0, 0, 0, 0, 0, 0, 0, 0, 0, 0, 0, 0, 0, 0, 0, 0, 0, 0, 0, 0, 0, 0, 0, 0, 0, 0, 0] | 2025-07-28 07:56:39.461955
[main-user_normalized] [0.005747126436781609, 0.05747126436781609, 0.06321839080459771, 0.011494252873563218, 0.0, 0.0, 0.0, 0.0, 0.0, 0.0, 0.0, 0.0, 0.0, 0.0, 0.0, 0.0, 0.0, 0.0, 0.0, 0.0, 0.0, 0.0, 0.0, 0.0, 0.0, 0.0, 0.0, 0.0, 0.0, 0.0, 0.0, 0.0] | 2025-07-28 07:56:39.462010
[main-prediction] [[1.77042181e-10 1.79373748e-04 1.53540216e-03 2.57464124e-07
  7.74234915e-05 2.78735343e-06 4.50891135e-07 1.87221114e-08
  2.93183427e-10 3.10710100e-07 3.41881850e-08 3.18181664e-02
  2.00943844e-05 7.88847845e-07 3.26784339e-10 1.63117719e-05
  6.85512723e-06 9.75211168e-14 1.32428726e-03 1.00000000e+00
  1.05871298e-04 1.35916080e-01 2.23050146e-07 3.68762725e-03
  9.10686966e-10 1.02940798e-05 1.00000000e+00 2.51995915e-06
  5.36389756e-10 6.23394012e-15 1.35802148e-09 1.40575422e-09
  1.26168661e-03 2.98464241e-03 1.17315520e-04 9.73520447e-04
  2.39681234e-07 2.01847583e-03 2.25021901e-05 1.59052619e-05
  3.99177480e-04 4.93085799e-04 3.68573677e-09 9.00147917e-07
  2.97531646e-07 5.94794388e-11 1.00598710e-10 1.03041168e-07
  7.41452283e-08 1.05547443e-04 6.14985346e-06 8.72999709e-07
  1.32118056e-07 1.39457434e-14 3.23776413e-08 2.86397143e-07
  7.54120570e-05 8.86156599e-11 4.81585856e-04 2.15515957e-05
  1.11872957e-09 2.34304538e-08]] | 2025-07-28 07:56:39.464470
[main-confidence] Confidence Score = 100.00% | 2025-07-28 07:56:39.464490
[main-one_hot_prediction] [[1, 183, 216, 3, 2, 0, 0, 0, 0, 0, 0, 0, 0, 0, 0, 0, 0, 0, 0, 0, 0, 0, 0, 0, 0, 0, 0, 0, 0, 0, 0, 0, 0, 0, 0, 0, 0, 0, 0, 0, 0, 0, 0, 0, 0, 0, 0, 0, 0, 0, 0, 0, 0, 0, 0, 0, 0, 0, 0, 0, 0, 0]] | 2025-07-28 07:56:39.464748
[main-rounded_prediction] [[0, 0, 0, 0, 0, 0, 0, 0, 0, 0, 0, 0, 0, 0, 0, 0, 0, 0, 0, 1, 0, 0, 0, 0, 0, 0, 1, 0, 0, 0, 0, 0, 0, 0, 0, 0, 0, 0, 0, 0, 0, 0, 0, 0, 0, 0, 0, 0, 0, 0, 0, 0, 0, 0, 0, 0, 0, 0, 0, 0, 0, 0]] | 2025-07-28 07:56:39.464764
[main-decoded-prediction] nmap -a <unk> | 2025-07-28 07:56:39.464815
[user] list all files | 2025-07-28 07:56:50.217299
[main-user_encoded] [1, 4, 5, 6, 2, 0, 0, 0, 0, 0, 0, 0, 0, 0, 0, 0, 0, 0, 0, 0, 0, 0, 0, 0, 0, 0, 0, 0, 0, 0, 0, 0] | 2025-07-28 07:56:50.217412
[main-user_normalized] [0.005747126436781609, 0.022988505747126436, 0.028735632183908046, 0.034482758620689655, 0.011494252873563218, 0.0, 0.0, 0.0, 0.0, 0.0, 0.0, 0.0, 0.0, 0.0, 0.0, 0.0, 0.0, 0.0, 0.0, 0.0, 0.0, 0.0, 0.0, 0.0, 0.0, 0.0, 0.0, 0.0, 0.0, 0.0, 0.0, 0.0] | 2025-07-28 07:56:50.217473
[main-prediction] [[9.27377479e-11 1.08852493e-04 3.79285348e-03 2.15919621e-07
  4.58548471e-05 1.06133706e-06 6.93755633e-07 2.59930122e-09
  8.11937005e-10 1.77868566e-07 4.16525423e-08 9.05513368e-01
  8.67878979e-06 8.88920806e-07 8.07910598e-10 2.09398241e-05
  4.31118447e-05 7.19257798e-14 5.12894155e-03 1.00000000e+00
  8.96108228e-05 3.70679249e-02 1.46869603e-06 3.91297748e-02
  4.60612881e-10 1.73333883e-05 1.00000000e+00 1.13394330e-06
  7.17438477e-12 6.63557483e-15 9.70528273e-10 3.54029316e-09
  3.55617976e-03 3.86106681e-02 1.03091964e-03 5.28563654e-03
  1.87534049e-07 3.02257848e-03 3.45942973e-05 3.29455459e-06
  3.56451417e-04 3.33824925e-04 6.03438804e-09 7.92802473e-07
  2.90095340e-07 2.87250659e-11 2.74476519e-10 3.04497867e-07
  6.15987708e-08 1.73314876e-04 4.11000387e-06 4.84013216e-06
  3.46851723e-07 3.19285469e-15 1.17710204e-07 3.60758407e-07
  1.41097026e-04 1.66152716e-10 3.91297813e-04 8.78822861e-06
  1.15541636e-10 8.18066411e-09]] | 2025-07-28 07:56:50.219395
[main-confidence] Confidence Score = 100.00% | 2025-07-28 07:56:50.219417
[main-one_hot_prediction] [[1, 175, 176, 2, 0, 0, 0, 0, 0, 0, 0, 0, 0, 0, 0, 0, 0, 0, 0, 0, 0, 0, 0, 0, 0, 0, 0, 0, 0, 0, 0, 0, 0, 0, 0, 0, 0, 0, 0, 0, 0, 0, 0, 0, 0, 0, 0, 0, 0, 0, 0, 0, 0, 0, 0, 0, 0, 0, 0, 0, 0, 0]] | 2025-07-28 07:56:50.219667
[main-rounded_prediction] [[0, 0, 0, 0, 0, 0, 0, 0, 0, 0, 0, 1, 0, 0, 0, 0, 0, 0, 0, 1, 0, 0, 0, 0, 0, 0, 1, 0, 0, 0, 0, 0, 0, 0, 0, 0, 0, 0, 0, 0, 0, 0, 0, 0, 0, 0, 0, 0, 0, 0, 0, 0, 0, 0, 0, 0, 0, 0, 0, 0, 0, 0]] | 2025-07-28 07:56:50.219684
[main-decoded-prediction] ls -la | 2025-07-28 07:56:50.219733
[user] q | 2025-07-28 07:56:54.044201
[main-quit] Shutting down the AI. | 2025-07-28 07:56:54.044258
[main-model_type] ff | 2025-07-28 08:04:21.511482
[main-loss] 0.1451 | 2025-07-28 08:05:30.649908
[user] q | 2025-07-28 08:05:36.198279
[main-quit] Shutting down the AI. | 2025-07-28 08:05:36.198337
[main-model_type] ff | 2025-07-28 08:05:37.566425
[main-model_type] ff | 2025-07-28 08:06:05.152858
[main-model_type] ff | 2025-07-28 08:07:51.978744
[main-loss] 0.0386 | 2025-07-28 08:08:47.608382
[user] scan network | 2025-07-28 08:08:53.967321
[main-user_encoded] [1, 10, 11, 2, 0, 0, 0, 0, 0, 0, 0, 0, 0, 0, 0, 0, 0, 0, 0, 0, 0, 0, 0, 0, 0, 0, 0, 0, 0, 0, 0, 0] | 2025-07-28 08:08:53.967435
[main-user_normalized] [0.005747126436781609, 0.05747126436781609, 0.06321839080459771, 0.011494252873563218, 0.0, 0.0, 0.0, 0.0, 0.0, 0.0, 0.0, 0.0, 0.0, 0.0, 0.0, 0.0, 0.0, 0.0, 0.0, 0.0, 0.0, 0.0, 0.0, 0.0, 0.0, 0.0, 0.0, 0.0, 0.0, 0.0, 0.0, 0.0] | 2025-07-28 08:08:53.967491
[main-prediction] [[2.00415312e-04 6.28596044e-15 1.57773906e-03 2.63775113e-05
  2.62106552e-22 1.28922899e-11 3.48459494e-08 1.79493574e-08
  1.70408784e-07 3.19047825e-07 2.36554259e-03 2.09465547e-17
  1.16829687e-01 5.40233328e-09 6.57463902e-07 6.39388501e-06
  8.97734336e-10 3.62117678e-03 9.14110293e-11 6.72022554e-03
  1.09213434e-06 1.29179523e-05 2.60327842e-07 3.21459974e-07
  2.95794373e-07 1.09046839e-05 2.50043397e-08 1.25585710e-10
  2.64218058e-05 1.88560296e-07 1.36113330e-05 3.55790792e-03
  4.06459740e-03 6.27002370e-03 3.40727512e-03 9.31186349e-10
  1.41769323e-08 1.82029317e-05 2.07938765e-06 4.62240248e-06
  8.75102075e-05 1.45681737e-04 2.82515670e-03 5.91829140e-04
  1.91656110e-05 2.49045199e-06 5.50145535e-06 3.39094789e-04
  1.03653800e-05 1.33714574e-06 4.11330709e-10 8.61408140e-07
  1.49575935e-07 1.00000000e+00 6.07729942e-18 8.99910215e-09
  8.91650404e-07 5.30442965e-04 2.56725737e-03 1.06651846e-06
  3.86260670e-09 2.91038804e-12]] | 2025-07-28 08:08:53.971290
[main-confidence] Confidence Score = 100.00% | 2025-07-28 08:08:53.971313
[main-one_hot_prediction] [[1, 222, 223, 3, 2, 0, 0, 0, 0, 0, 0, 0, 0, 0, 0, 0, 0, 0, 0, 0, 0, 0, 0, 0, 0, 0, 0, 0, 0, 0, 0, 0, 0, 0, 0, 0, 0, 0, 0, 0, 0, 0, 0, 0, 0, 0, 0, 0, 0, 0, 0, 0, 0, 0, 0, 0, 0, 0, 0, 0, 0, 0]] | 2025-07-28 08:08:53.971482
[main-rounded_prediction] [[0, 0, 0, 0, 0, 0, 0, 0, 0, 0, 0, 0, 0, 0, 0, 0, 0, 0, 0, 0, 0, 0, 0, 0, 0, 0, 0, 0, 0, 0, 0, 0, 0, 0, 0, 0, 0, 0, 0, 0, 0, 0, 0, 0, 0, 0, 0, 0, 0, 0, 0, 0, 0, 1, 0, 0, 0, 0, 0, 0, 0, 0]] | 2025-07-28 08:08:53.971493
[main-decoded-prediction] netdiscover -r <unk> | 2025-07-28 08:08:53.971542
[user] list all files | 2025-07-28 08:09:00.733346
[main-user_encoded] [1, 4, 5, 6, 2, 0, 0, 0, 0, 0, 0, 0, 0, 0, 0, 0, 0, 0, 0, 0, 0, 0, 0, 0, 0, 0, 0, 0, 0, 0, 0, 0] | 2025-07-28 08:09:00.733446
[main-user_normalized] [0.005747126436781609, 0.022988505747126436, 0.028735632183908046, 0.034482758620689655, 0.011494252873563218, 0.0, 0.0, 0.0, 0.0, 0.0, 0.0, 0.0, 0.0, 0.0, 0.0, 0.0, 0.0, 0.0, 0.0, 0.0, 0.0, 0.0, 0.0, 0.0, 0.0, 0.0, 0.0, 0.0, 0.0, 0.0, 0.0, 0.0] | 2025-07-28 08:09:00.733496
[main-prediction] [[4.25988654e-04 2.46851338e-15 1.48901196e-03 2.09745044e-05
  2.37570949e-22 1.17045449e-11 3.71127048e-08 7.71892580e-09
  2.04096865e-07 2.41293771e-07 3.76582295e-03 2.88915262e-17
  3.44879481e-01 4.29040649e-09 2.69472847e-07 5.84905670e-06
  1.54317688e-09 5.22329823e-03 5.73910411e-11 6.18823819e-03
  4.98577864e-07 1.63842005e-05 1.79489514e-07 4.28914355e-07
  2.11082120e-07 9.72705294e-06 3.13586750e-08 7.63183587e-11
  2.54738566e-05 2.66540701e-07 3.09627103e-05 7.59719777e-03
  1.76560728e-02 2.36577529e-02 5.14534406e-03 8.53218840e-10
  1.12278433e-08 3.88387873e-05 1.50521031e-06 6.28257303e-06
  6.52657870e-05 1.02030417e-04 1.43996344e-03 2.89242630e-04
  1.44339617e-05 1.78603733e-06 9.90413946e-06 1.75337429e-04
  1.24581036e-05 6.54154728e-07 6.18318690e-10 4.09953252e-07
  3.35926474e-07 1.00000000e+00 5.36250573e-18 2.53315322e-09
  1.50748417e-06 4.01403843e-04 3.14520035e-03 1.42922317e-06
  4.20109500e-09 1.32445956e-12]] | 2025-07-28 08:09:00.735269
[main-confidence] Confidence Score = 100.00% | 2025-07-28 08:09:00.735287
[main-one_hot_prediction] [[1, 222, 223, 3, 2, 0, 0, 0, 0, 0, 0, 0, 0, 0, 0, 0, 0, 0, 0, 0, 0, 0, 0, 0, 0, 0, 0, 0, 0, 0, 0, 0, 0, 0, 0, 0, 0, 0, 0, 0, 0, 0, 0, 0, 0, 0, 0, 0, 0, 0, 0, 0, 0, 0, 0, 0, 0, 0, 0, 0, 0, 0]] | 2025-07-28 08:09:00.735481
[main-rounded_prediction] [[0, 0, 0, 0, 0, 0, 0, 0, 0, 0, 0, 0, 0, 0, 0, 0, 0, 0, 0, 0, 0, 0, 0, 0, 0, 0, 0, 0, 0, 0, 0, 0, 0, 0, 0, 0, 0, 0, 0, 0, 0, 0, 0, 0, 0, 0, 0, 0, 0, 0, 0, 0, 0, 1, 0, 0, 0, 0, 0, 0, 0, 0]] | 2025-07-28 08:09:00.735494
[main-decoded-prediction] netdiscover -r <unk> | 2025-07-28 08:09:00.735539
[user] q | 2025-07-28 08:09:02.930630
[main-quit] Shutting down the AI. | 2025-07-28 08:09:02.930679
[main-model_type] ff | 2025-07-28 08:18:54.132347
[main-loss] 0.0890 | 2025-07-28 08:19:41.725116
[user] list all files | 2025-07-28 08:19:51.393117
[main-user_encoded] [1, 4, 5, 6, 2, 0, 0, 0, 0, 0, 0, 0, 0, 0, 0, 0, 0, 0, 0, 0, 0, 0, 0, 0, 0, 0, 0, 0, 0, 0, 0, 0] | 2025-07-28 08:19:51.393211
[main-user_normalized] [0.005747126436781609, 0.022988505747126436, 0.028735632183908046, 0.034482758620689655, 0.011494252873563218, 0.0, 0.0, 0.0, 0.0, 0.0, 0.0, 0.0, 0.0, 0.0, 0.0, 0.0, 0.0, 0.0, 0.0, 0.0, 0.0, 0.0, 0.0, 0.0, 0.0, 0.0, 0.0, 0.0, 0.0, 0.0, 0.0, 0.0] | 2025-07-28 08:19:51.393253
[main-prediction] [[1.46590964e-08 9.33164385e-10 9.35416529e-04 2.37145107e-03
  1.53398853e-06 6.65385812e-13 2.90128648e-04 3.24013286e-06
  1.98125528e-08 2.40784778e-06 3.07009732e-07 1.16308209e-07
  2.01142937e-06 2.41108000e-06 3.99225099e-10 1.00000000e+00
  2.25213075e-04 2.63809540e-03 1.63449360e-03 8.86856105e-04
  1.76292639e-02 2.12249100e-06 2.35020678e-11 1.75911854e-12
  8.98218038e-10 6.21054400e-08 1.35935096e-07 1.42515821e-05
  1.13015122e-08 5.45211599e-05 1.00000000e+00 2.47643353e-03
  1.65391449e-02 1.02748285e-14 1.71720196e-02 6.63586454e-03
  1.26868130e-08 9.99999660e-01 6.78626344e-08 1.00000000e+00
  9.58527054e-08 2.56253005e-04 1.31535726e-09 4.55011652e-05
  2.44408835e-06 3.83875394e-03 4.82272147e-09 4.20647210e-11
  4.01296184e-08 4.74646956e-08 3.07662872e-04 1.90266197e-19
  8.67833430e-16 2.36071120e-05 6.02614332e-06 1.56983497e-08
  3.29995841e-04 5.62978664e-08 6.83305208e-05 2.98169266e-03
  1.88594484e-07 2.88880289e-04]] | 2025-07-28 08:19:51.395434
[main-confidence] Confidence Score = 100.00% | 2025-07-28 08:19:51.395451
[main-one_hot_prediction] [[1, 183, 210, 211, 3, 2, 0, 0, 0, 0, 0, 0, 0, 0, 0, 0, 0, 0, 0, 0, 0, 0, 0, 0, 0, 0, 0, 0, 0, 0, 0, 0, 0, 0, 0, 0, 0, 0, 0, 0, 0, 0, 0, 0, 0, 0, 0, 0, 0, 0, 0, 0, 0, 0, 0, 0, 0, 0, 0, 0, 0, 0]] | 2025-07-28 08:19:51.395649
[main-rounded_prediction] [[0, 0, 0, 0, 0, 0, 0, 0, 0, 0, 0, 0, 0, 0, 0, 1, 0, 0, 0, 0, 0, 0, 0, 0, 0, 0, 0, 0, 0, 0, 1, 0, 0, 0, 0, 0, 0, 1, 0, 1, 0, 0, 0, 0, 0, 0, 0, 0, 0, 0, 0, 0, 0, 0, 0, 0, 0, 0, 0, 0, 0, 0]] | 2025-07-28 08:19:51.395662
[main-decoded-prediction] nmap -t4 -f <unk> | 2025-07-28 08:19:51.395705
[user] scan network | 2025-07-28 08:20:04.507102
[main-user_encoded] [1, 10, 11, 2, 0, 0, 0, 0, 0, 0, 0, 0, 0, 0, 0, 0, 0, 0, 0, 0, 0, 0, 0, 0, 0, 0, 0, 0, 0, 0, 0, 0] | 2025-07-28 08:20:04.507220
[main-user_normalized] [0.005747126436781609, 0.05747126436781609, 0.06321839080459771, 0.011494252873563218, 0.0, 0.0, 0.0, 0.0, 0.0, 0.0, 0.0, 0.0, 0.0, 0.0, 0.0, 0.0, 0.0, 0.0, 0.0, 0.0, 0.0, 0.0, 0.0, 0.0, 0.0, 0.0, 0.0, 0.0, 0.0, 0.0, 0.0, 0.0] | 2025-07-28 08:20:04.507285
[main-prediction] [[1.40527383e-08 1.39146515e-09 6.18829424e-04 1.10659439e-03
  2.18133045e-06 1.82830726e-12 2.98365624e-04 1.95980475e-06
  4.01665619e-08 1.72204843e-06 2.01049539e-07 7.47421319e-08
  2.59074373e-06 4.37133763e-06 2.77953208e-10 1.00000000e+00
  2.57226264e-04 1.18920617e-03 7.87328516e-04 2.81710645e-03
  5.92136363e-03 3.73271446e-06 2.54739664e-11 2.80257192e-12
  6.79405298e-10 4.82017341e-08 5.42914445e-08 7.00213613e-05
  4.94916832e-09 1.80584193e-05 1.00000000e+00 1.40605824e-03
  8.16257977e-03 1.30410836e-14 7.11968630e-03 3.72864732e-03
  2.57217250e-08 9.99999874e-01 1.16874563e-07 1.00000000e+00
  8.34264089e-08 4.61095430e-04 4.94794410e-09 9.46962974e-05
  8.00373205e-06 5.54760410e-03 3.33485354e-09 3.45981734e-11
  2.14047252e-08 3.10897255e-08 2.27775697e-04 9.83893454e-19
  3.37832803e-15 2.52272118e-05 4.57424464e-06 2.53235728e-08
  4.69043593e-04 8.66415810e-08 1.95203625e-05 7.39996109e-04
  6.84706655e-07 2.83773305e-04]] | 2025-07-28 08:20:04.509297
[main-confidence] Confidence Score = 100.00% | 2025-07-28 08:20:04.509315
[main-one_hot_prediction] [[1, 183, 210, 211, 3, 2, 0, 0, 0, 0, 0, 0, 0, 0, 0, 0, 0, 0, 0, 0, 0, 0, 0, 0, 0, 0, 0, 0, 0, 0, 0, 0, 0, 0, 0, 0, 0, 0, 0, 0, 0, 0, 0, 0, 0, 0, 0, 0, 0, 0, 0, 0, 0, 0, 0, 0, 0, 0, 0, 0, 0, 0]] | 2025-07-28 08:20:04.509520
[main-rounded_prediction] [[0, 0, 0, 0, 0, 0, 0, 0, 0, 0, 0, 0, 0, 0, 0, 1, 0, 0, 0, 0, 0, 0, 0, 0, 0, 0, 0, 0, 0, 0, 1, 0, 0, 0, 0, 0, 0, 1, 0, 1, 0, 0, 0, 0, 0, 0, 0, 0, 0, 0, 0, 0, 0, 0, 0, 0, 0, 0, 0, 0, 0, 0]] | 2025-07-28 08:20:04.509533
[main-decoded-prediction] nmap -t4 -f <unk> | 2025-07-28 08:20:04.509574
[user] q | 2025-07-28 08:20:08.219267
[main-quit] Shutting down the AI. | 2025-07-28 08:20:08.219312
[main-model_type] ff | 2025-07-28 08:20:09.787803
[main-loss] 0.1304 | 2025-07-28 08:20:55.164870
[user] scan network | 2025-07-28 08:20:59.385018
[main-user_encoded] [1, 10, 11, 2, 0, 0, 0, 0, 0, 0, 0, 0, 0, 0, 0, 0, 0, 0, 0, 0, 0, 0, 0, 0, 0, 0, 0, 0, 0, 0, 0, 0] | 2025-07-28 08:20:59.385134
[main-user_normalized] [0.005747126436781609, 0.05747126436781609, 0.06321839080459771, 0.011494252873563218, 0.0, 0.0, 0.0, 0.0, 0.0, 0.0, 0.0, 0.0, 0.0, 0.0, 0.0, 0.0, 0.0, 0.0, 0.0, 0.0, 0.0, 0.0, 0.0, 0.0, 0.0, 0.0, 0.0, 0.0, 0.0, 0.0, 0.0, 0.0] | 2025-07-28 08:20:59.385196
[main-prediction] [[2.02759681e-06 2.16155461e-11 1.72008190e-04 2.33243096e-08
  2.91082662e-08 2.39721535e-04 2.36831194e-05 1.90285736e-11
  1.41974545e-04 1.92242942e-05 7.01160204e-08 3.77960447e-13
  9.64450183e-08 7.12418201e-06 8.14647940e-08 1.07986924e-11
  5.41872531e-06 1.00000000e+00 1.28043902e-07 1.07043589e-08
  1.07814766e-06 4.73872649e-10 7.11922292e-02 8.21447862e-03
  4.07191701e-03 9.24248455e-09 2.98106772e-09 1.01604262e-05
  1.31120640e-03 1.00000000e+00 4.80618062e-11 1.11622155e-10
  1.00000000e+00 1.67067517e-09 9.99999989e-01 2.93622860e-03
  7.24624467e-04 1.83608665e-12 4.10996988e-04 1.41780499e-04
  1.54982089e-09 4.29683903e-04 1.00000000e+00 1.69845054e-03
  4.21565942e-07 1.06586691e-13 4.45366259e-05 4.43998700e-08
  1.00000000e+00 1.77659621e-10 6.92192241e-08 1.00000000e+00
  5.72514927e-10 2.57072418e-04 8.46109452e-05 3.16942416e-08
  8.49317541e-05 7.18038468e-09 3.43863897e-07 4.37398112e-07
  1.40411613e-09 9.51236520e-09]] | 2025-07-28 08:20:59.387261
[main-confidence] Confidence Score = 100.00% | 2025-07-28 08:20:59.387282
[main-one_hot_prediction] [[1, 183, 214, 3, 2, 0, 0, 0, 0, 0, 0, 0, 0, 0, 0, 0, 0, 0, 0, 0, 0, 0, 0, 0, 0, 0, 0, 0, 0, 0, 0, 0, 0, 0, 0, 0, 0, 0, 0, 0, 0, 0, 0, 0, 0, 0, 0, 0, 0, 0, 0, 0, 0, 0, 0, 0, 0, 0, 0, 0, 0, 0]] | 2025-07-28 08:20:59.387493
[main-rounded_prediction] [[0, 0, 0, 0, 0, 0, 0, 0, 0, 0, 0, 0, 0, 0, 0, 0, 0, 1, 0, 0, 0, 0, 0, 0, 0, 0, 0, 0, 0, 1, 0, 0, 1, 0, 1, 0, 0, 0, 0, 0, 0, 0, 1, 0, 0, 0, 0, 0, 1, 0, 0, 1, 0, 0, 0, 0, 0, 0, 0, 0, 0, 0]] | 2025-07-28 08:20:59.387506
[main-decoded-prediction] nmap -sv <unk> | 2025-07-28 08:20:59.387562
[user] list all files | 2025-07-28 08:21:05.001279
[main-user_encoded] [1, 4, 5, 6, 2, 0, 0, 0, 0, 0, 0, 0, 0, 0, 0, 0, 0, 0, 0, 0, 0, 0, 0, 0, 0, 0, 0, 0, 0, 0, 0, 0] | 2025-07-28 08:21:05.001389
[main-user_normalized] [0.005747126436781609, 0.022988505747126436, 0.028735632183908046, 0.034482758620689655, 0.011494252873563218, 0.0, 0.0, 0.0, 0.0, 0.0, 0.0, 0.0, 0.0, 0.0, 0.0, 0.0, 0.0, 0.0, 0.0, 0.0, 0.0, 0.0, 0.0, 0.0, 0.0, 0.0, 0.0, 0.0, 0.0, 0.0, 0.0, 0.0] | 2025-07-28 08:21:05.001451
[main-prediction] [[3.27820537e-06 6.12780521e-11 1.41920625e-04 2.38354401e-08
  1.25040619e-08 2.00440202e-04 1.95409828e-05 4.80079453e-11
  1.65014400e-04 2.71798635e-05 7.13325461e-08 1.47801261e-13
  8.88777185e-08 6.60209473e-06 7.99012410e-08 8.44051845e-12
  1.37208363e-05 1.00000000e+00 1.34251211e-07 1.53714286e-08
  2.70883763e-07 5.47456889e-10 3.80887533e-03 4.49519690e-02
  9.83186814e-03 6.81892141e-09 4.74359501e-09 1.69488486e-05
  3.16234802e-04 1.00000000e+00 5.73881149e-11 4.19354990e-11
  1.00000000e+00 7.78884502e-10 9.99999979e-01 1.90918304e-02
  8.27244997e-04 5.25166845e-12 3.24491713e-04 1.20038821e-04
  2.36241452e-09 1.69283919e-04 1.00000000e+00 5.68514413e-04
  6.50924813e-07 4.06295613e-14 8.54291524e-05 1.39960478e-07
  1.00000000e+00 2.99774457e-10 5.96007745e-08 1.00000000e+00
  4.32804797e-10 3.47085741e-04 1.16729992e-04 3.54864040e-08
  4.90647746e-05 1.30020054e-08 1.70688831e-07 4.15759664e-07
  1.60983640e-09 2.03107556e-08]] | 2025-07-28 08:21:05.003372
[main-confidence] Confidence Score = 100.00% | 2025-07-28 08:21:05.003392
[main-one_hot_prediction] [[1, 183, 214, 3, 2, 0, 0, 0, 0, 0, 0, 0, 0, 0, 0, 0, 0, 0, 0, 0, 0, 0, 0, 0, 0, 0, 0, 0, 0, 0, 0, 0, 0, 0, 0, 0, 0, 0, 0, 0, 0, 0, 0, 0, 0, 0, 0, 0, 0, 0, 0, 0, 0, 0, 0, 0, 0, 0, 0, 0, 0, 0]] | 2025-07-28 08:21:05.003659
[main-rounded_prediction] [[0, 0, 0, 0, 0, 0, 0, 0, 0, 0, 0, 0, 0, 0, 0, 0, 0, 1, 0, 0, 0, 0, 0, 0, 0, 0, 0, 0, 0, 1, 0, 0, 1, 0, 1, 0, 0, 0, 0, 0, 0, 0, 1, 0, 0, 0, 0, 0, 1, 0, 0, 1, 0, 0, 0, 0, 0, 0, 0, 0, 0, 0]] | 2025-07-28 08:21:05.003676
[main-decoded-prediction] nmap -sv <unk> | 2025-07-28 08:21:05.003729
[user] 	 | 2025-07-28 08:21:07.207932
[main-user_encoded] [1, 2, 0, 0, 0, 0, 0, 0, 0, 0, 0, 0, 0, 0, 0, 0, 0, 0, 0, 0, 0, 0, 0, 0, 0, 0, 0, 0, 0, 0, 0, 0] | 2025-07-28 08:21:07.208017
[main-user_normalized] [0.005747126436781609, 0.011494252873563218, 0.0, 0.0, 0.0, 0.0, 0.0, 0.0, 0.0, 0.0, 0.0, 0.0, 0.0, 0.0, 0.0, 0.0, 0.0, 0.0, 0.0, 0.0, 0.0, 0.0, 0.0, 0.0, 0.0, 0.0, 0.0, 0.0, 0.0, 0.0, 0.0, 0.0] | 2025-07-28 08:21:07.208058
[main-prediction] [[8.32268630e-06 4.50695257e-11 5.25746651e-04 1.84012870e-08
  8.50284140e-09 2.18153070e-04 3.51119741e-05 9.45291457e-11
  1.57578867e-04 6.54667329e-05 1.36006965e-07 3.06786825e-13
  4.47820350e-08 5.06583831e-06 6.83222169e-08 2.49470213e-12
  4.01340213e-06 1.00000000e+00 1.13595631e-07 1.02643491e-08
  1.64582569e-07 1.17212143e-09 3.26325477e-04 1.93910870e-02
  5.84745817e-03 4.52054852e-09 3.40881921e-09 3.44205943e-05
  2.67272005e-04 1.00000000e+00 1.59553875e-10 8.28952107e-12
  1.00000000e+00 4.18655929e-10 9.99999994e-01 3.45337402e-01
  6.81198852e-04 5.36363571e-12 2.60762636e-04 1.61468956e-04
  4.15072070e-09 3.88650642e-04 1.00000000e+00 6.09957979e-04
  9.77027837e-07 4.75870342e-14 8.69435146e-05 8.58759009e-08
  1.00000000e+00 2.13813732e-10 7.60418020e-08 1.00000000e+00
  2.95239569e-10 6.32006315e-04 1.87352908e-04 3.96289567e-08
  5.21239997e-05 1.74862283e-08 2.00776006e-07 2.07371906e-07
  1.66705842e-09 7.30322118e-08]] | 2025-07-28 08:21:07.209610
[main-confidence] Confidence Score = 100.00% | 2025-07-28 08:21:07.209626
[main-one_hot_prediction] [[1, 183, 214, 3, 2, 0, 0, 0, 0, 0, 0, 0, 0, 0, 0, 0, 0, 0, 0, 0, 0, 0, 0, 0, 0, 0, 0, 0, 0, 0, 0, 0, 0, 0, 0, 0, 0, 0, 0, 0, 0, 0, 0, 0, 0, 0, 0, 0, 0, 0, 0, 0, 0, 0, 0, 0, 0, 0, 0, 0, 0, 0]] | 2025-07-28 08:21:07.209817
[main-rounded_prediction] [[0, 0, 0, 0, 0, 0, 0, 0, 0, 0, 0, 0, 0, 0, 0, 0, 0, 1, 0, 0, 0, 0, 0, 0, 0, 0, 0, 0, 0, 1, 0, 0, 1, 0, 1, 0, 0, 0, 0, 0, 0, 0, 1, 0, 0, 0, 0, 0, 1, 0, 0, 1, 0, 0, 0, 0, 0, 0, 0, 0, 0, 0]] | 2025-07-28 08:21:07.209830
[main-decoded-prediction] nmap -sv <unk> | 2025-07-28 08:21:07.209869
[user] q | 2025-07-28 08:21:11.861253
[main-quit] Shutting down the AI. | 2025-07-28 08:21:11.861306
[main-model_type] ff | 2025-07-28 08:21:14.823504
[main-loss] 0.0878 | 2025-07-28 08:22:02.124614
[user] scan network | 2025-07-28 08:22:06.783306
[main-user_encoded] [1, 10, 11, 2, 0, 0, 0, 0, 0, 0, 0, 0, 0, 0, 0, 0, 0, 0, 0, 0, 0, 0, 0, 0, 0, 0, 0, 0, 0, 0, 0, 0] | 2025-07-28 08:22:06.783411
[main-user_normalized] [0.005747126436781609, 0.05747126436781609, 0.06321839080459771, 0.011494252873563218, 0.0, 0.0, 0.0, 0.0, 0.0, 0.0, 0.0, 0.0, 0.0, 0.0, 0.0, 0.0, 0.0, 0.0, 0.0, 0.0, 0.0, 0.0, 0.0, 0.0, 0.0, 0.0, 0.0, 0.0, 0.0, 0.0, 0.0, 0.0] | 2025-07-28 08:22:06.783470
[main-prediction] [[4.67150398e-09 7.34974984e-10 9.01889854e-06 1.19447126e-03
  2.83473109e-04 2.04066684e-10 2.27067234e-05 1.57276082e-05
  7.71076075e-06 2.37944036e-11 2.61478709e-04 4.00078607e-07
  6.42664570e-02 1.25130302e-05 3.96075532e-09 1.83997597e-05
  1.14923629e-07 2.07750613e-04 1.49078754e-03 1.00000000e+00
  7.09689026e-08 6.00940026e-02 1.23062923e-08 9.99999999e-01
  2.21633577e-08 1.79938882e-08 3.62688203e-06 9.29655171e-07
  3.35392420e-07 8.90554696e-10 1.14173973e-07 2.00434814e-08
  2.18049623e-03 4.28448123e-09 1.98997061e-03 1.59820035e-12
  2.53390391e-03 2.54139149e-03 6.80408201e-09 9.38535700e-06
  1.75191700e-04 2.51245422e-06 5.16719096e-04 5.66137027e-04
  3.87508137e-03 1.25704766e-11 1.70348474e-05 1.11676490e-13
  7.17516712e-09 7.44438224e-11 4.68465538e-04 2.88691703e-06
  4.13195460e-08 2.95185472e-10 1.99903092e-10 1.00000000e+00
  2.45569579e-13 3.64314277e-04 1.97075746e-04 5.65471151e-13
  1.00000000e+00 4.27351246e-11]] | 2025-07-28 08:22:06.786770
[main-confidence] Confidence Score = 100.00% | 2025-07-28 08:22:06.786790
[main-one_hot_prediction] [[1, 183, 216, 3, 2, 0, 0, 0, 0, 0, 0, 0, 0, 0, 0, 0, 0, 0, 0, 0, 0, 0, 0, 0, 0, 0, 0, 0, 0, 0, 0, 0, 0, 0, 0, 0, 0, 0, 0, 0, 0, 0, 0, 0, 0, 0, 0, 0, 0, 0, 0, 0, 0, 0, 0, 0, 0, 0, 0, 0, 0, 0]] | 2025-07-28 08:22:06.786990
[main-rounded_prediction] [[0, 0, 0, 0, 0, 0, 0, 0, 0, 0, 0, 0, 0, 0, 0, 0, 0, 0, 0, 1, 0, 0, 0, 1, 0, 0, 0, 0, 0, 0, 0, 0, 0, 0, 0, 0, 0, 0, 0, 0, 0, 0, 0, 0, 0, 0, 0, 0, 0, 0, 0, 0, 0, 0, 0, 1, 0, 0, 0, 0, 1, 0]] | 2025-07-28 08:22:06.787003
[main-decoded-prediction] nmap -a <unk> | 2025-07-28 08:22:06.787045
[user] list all files | 2025-07-28 08:22:11.451604
[main-user_encoded] [1, 4, 5, 6, 2, 0, 0, 0, 0, 0, 0, 0, 0, 0, 0, 0, 0, 0, 0, 0, 0, 0, 0, 0, 0, 0, 0, 0, 0, 0, 0, 0] | 2025-07-28 08:22:11.451710
[main-user_normalized] [0.005747126436781609, 0.022988505747126436, 0.028735632183908046, 0.034482758620689655, 0.011494252873563218, 0.0, 0.0, 0.0, 0.0, 0.0, 0.0, 0.0, 0.0, 0.0, 0.0, 0.0, 0.0, 0.0, 0.0, 0.0, 0.0, 0.0, 0.0, 0.0, 0.0, 0.0, 0.0, 0.0, 0.0, 0.0, 0.0, 0.0] | 2025-07-28 08:22:11.451764
[main-prediction] [[3.78410193e-09 2.75742259e-10 5.17783028e-06 9.23002151e-04
  2.13579654e-04 2.43554236e-10 1.03164241e-05 2.73209439e-05
  3.26876735e-06 3.26542196e-11 6.09002915e-04 3.57483839e-07
  2.63867760e-01 8.95350432e-06 4.68728002e-09 7.42479624e-06
  6.12969574e-08 7.69942281e-05 1.11820149e-03 1.00000000e+00
  2.20038532e-08 1.20023043e-02 4.48294811e-09 9.99999999e-01
  1.45422205e-08 2.33895278e-08 1.54532122e-06 4.40113128e-07
  6.37105798e-07 7.50403006e-10 1.34134208e-07 3.99720312e-08
  6.38912164e-03 7.73111093e-09 1.08298575e-02 3.41346000e-12
  2.91848905e-03 1.38063281e-02 3.40412419e-08 1.15313175e-05
  9.93517901e-05 8.37310981e-07 4.68498098e-04 4.72024746e-04
  7.47331201e-03 2.66915562e-11 8.70221552e-05 3.08124238e-13
  2.88582895e-09 9.01523989e-11 4.33032212e-04 1.18921720e-06
  4.61881551e-08 4.04630261e-10 1.51577470e-10 1.00000000e+00
  7.04088341e-13 1.47554726e-04 1.57335969e-04 8.60799949e-13
  1.00000000e+00 3.13742823e-11]] | 2025-07-28 08:22:11.453586
[main-confidence] Confidence Score = 100.00% | 2025-07-28 08:22:11.453608
[main-one_hot_prediction] [[1, 183, 216, 3, 2, 0, 0, 0, 0, 0, 0, 0, 0, 0, 0, 0, 0, 0, 0, 0, 0, 0, 0, 0, 0, 0, 0, 0, 0, 0, 0, 0, 0, 0, 0, 0, 0, 0, 0, 0, 0, 0, 0, 0, 0, 0, 0, 0, 0, 0, 0, 0, 0, 0, 0, 0, 0, 0, 0, 0, 0, 0]] | 2025-07-28 08:22:11.453849
[main-rounded_prediction] [[0, 0, 0, 0, 0, 0, 0, 0, 0, 0, 0, 0, 0, 0, 0, 0, 0, 0, 0, 1, 0, 0, 0, 1, 0, 0, 0, 0, 0, 0, 0, 0, 0, 0, 0, 0, 0, 0, 0, 0, 0, 0, 0, 0, 0, 0, 0, 0, 0, 0, 0, 0, 0, 0, 0, 1, 0, 0, 0, 0, 1, 0]] | 2025-07-28 08:22:11.453866
[main-decoded-prediction] nmap -a <unk> | 2025-07-28 08:22:11.453917
[user] clear | 2025-07-28 08:22:15.722990
[main-user_encoded] [1, 3, 2, 0, 0, 0, 0, 0, 0, 0, 0, 0, 0, 0, 0, 0, 0, 0, 0, 0, 0, 0, 0, 0, 0, 0, 0, 0, 0, 0, 0, 0] | 2025-07-28 08:22:15.723100
[main-user_normalized] [0.005747126436781609, 0.017241379310344827, 0.011494252873563218, 0.0, 0.0, 0.0, 0.0, 0.0, 0.0, 0.0, 0.0, 0.0, 0.0, 0.0, 0.0, 0.0, 0.0, 0.0, 0.0, 0.0, 0.0, 0.0, 0.0, 0.0, 0.0, 0.0, 0.0, 0.0, 0.0, 0.0, 0.0, 0.0] | 2025-07-28 08:22:15.723164
[main-prediction] [[5.92004683e-09 4.86477796e-10 3.96162685e-06 1.59450369e-03
  1.78463814e-04 2.40700962e-10 1.89706573e-05 4.50833313e-05
  4.23669070e-06 6.72080859e-11 1.72791140e-03 8.55602504e-07
  2.10914580e-02 3.26406768e-06 4.71884709e-09 1.27543581e-06
  8.53835287e-08 7.16651434e-05 1.44274974e-03 1.00000000e+00
  2.18304036e-08 5.84019704e-04 1.90095752e-08 9.99999998e-01
  2.15607668e-08 1.09286411e-08 1.27349824e-06 5.24169369e-07
  4.49054197e-07 9.48696451e-10 2.42269187e-08 1.17067098e-07
  3.63775386e-02 3.32287414e-09 1.62216923e-01 4.42280771e-12
  4.81304882e-03 1.19915936e-02 4.24963328e-08 6.65182039e-06
  1.12002885e-04 2.83257537e-07 8.30718818e-04 3.07749480e-04
  5.95374935e-02 2.15911782e-11 9.09489825e-05 1.72686544e-12
  3.18467952e-09 8.71327919e-11 1.18683211e-03 4.18070062e-07
  2.60894081e-08 4.41563607e-10 1.03186418e-10 1.00000000e+00
  2.53108223e-13 4.14156215e-05 1.08451679e-04 9.61137738e-13
  1.00000000e+00 4.74029279e-11]] | 2025-07-28 08:22:15.725107
[main-confidence] Confidence Score = 100.00% | 2025-07-28 08:22:15.725127
[main-one_hot_prediction] [[1, 183, 216, 3, 2, 0, 0, 0, 0, 0, 0, 0, 0, 0, 0, 0, 0, 0, 0, 0, 0, 0, 0, 0, 0, 0, 0, 0, 0, 0, 0, 0, 0, 0, 0, 0, 0, 0, 0, 0, 0, 0, 0, 0, 0, 0, 0, 0, 0, 0, 0, 0, 0, 0, 0, 0, 0, 0, 0, 0, 0, 0]] | 2025-07-28 08:22:15.725369
[main-rounded_prediction] [[0, 0, 0, 0, 0, 0, 0, 0, 0, 0, 0, 0, 0, 0, 0, 0, 0, 0, 0, 1, 0, 0, 0, 1, 0, 0, 0, 0, 0, 0, 0, 0, 0, 0, 0, 0, 0, 0, 0, 0, 0, 0, 0, 0, 0, 0, 0, 0, 0, 0, 0, 0, 0, 0, 0, 1, 0, 0, 0, 0, 1, 0]] | 2025-07-28 08:22:15.725386
[main-decoded-prediction] nmap -a <unk> | 2025-07-28 08:22:15.725434
[user] q | 2025-07-28 08:22:18.137126
[main-quit] Shutting down the AI. | 2025-07-28 08:22:18.137181
[main-model_type] ff | 2025-07-28 21:47:31.163823
[main-loss] 0.0851 | 2025-07-28 21:48:20.556361
[user] scan network | 2025-07-28 21:48:27.863568
[main-user_encoded] [1, 10, 11, 2, 0, 0, 0, 0, 0, 0, 0, 0, 0, 0, 0, 0, 0, 0, 0, 0, 0, 0, 0, 0, 0, 0, 0, 0, 0, 0, 0, 0] | 2025-07-28 21:48:27.863693
[main-user_normalized] [0.005747126436781609, 0.05747126436781609, 0.06321839080459771, 0.011494252873563218, 0.0, 0.0, 0.0, 0.0, 0.0, 0.0, 0.0, 0.0, 0.0, 0.0, 0.0, 0.0, 0.0, 0.0, 0.0, 0.0, 0.0, 0.0, 0.0, 0.0, 0.0, 0.0, 0.0, 0.0, 0.0, 0.0, 0.0, 0.0] | 2025-07-28 21:48:27.863754
[main-prediction] [[2.09216909e-08 7.25422501e-10 6.15024862e-05 1.20535558e-05
  1.22640082e-04 1.43292177e-09 2.62489978e-08 7.99165933e-06
  5.15818190e-08 2.06681517e-06 2.12036596e-08 1.00000000e+00
  1.58078363e-01 1.76314327e-06 1.36000080e-08 1.02213518e-09
  5.61737635e-05 4.45540506e-08 3.37821107e-03 1.55517772e-08
  1.80085556e-08 3.38714923e-07 2.81208877e-02 1.29194742e-04
  1.52206221e-09 7.89199461e-09 2.48102318e-06 1.67084106e-09
  1.92744499e-08 1.74745298e-04 6.04349660e-11 5.85546648e-10
  9.99999999e-01 2.00424008e-03 1.02689732e-10 2.56018763e-09
  1.23676535e-04 1.00000000e+00 1.11431652e-03 1.99500982e-03
  9.31336935e-09 3.44562982e-13 3.03534239e-14 3.01524409e-05
  2.18043268e-03 9.73422671e-04 1.00000000e+00 1.75564374e-11
  1.01770349e-08 2.15563480e-06 3.00995899e-06 5.18144044e-06
  4.55936882e-03 3.55207897e-03 4.75924666e-06 1.62204169e-07
  4.11967825e-10 5.75071600e-05 6.00939677e-04 1.96110411e-07
  9.98617519e-05 3.30702059e-04]] | 2025-07-28 21:48:27.867369
[main-confidence] Confidence Score = 100.00% | 2025-07-28 21:48:27.867419
[main-one_hot_prediction] [[1, 175, 176, 2, 0, 0, 0, 0, 0, 0, 0, 0, 0, 0, 0, 0, 0, 0, 0, 0, 0, 0, 0, 0, 0, 0, 0, 0, 0, 0, 0, 0, 0, 0, 0, 0, 0, 0, 0, 0, 0, 0, 0, 0, 0, 0, 0, 0, 0, 0, 0, 0, 0, 0, 0, 0, 0, 0, 0, 0, 0, 0]] | 2025-07-28 21:48:27.867736
[main-rounded_prediction] [[0, 0, 0, 0, 0, 0, 0, 0, 0, 0, 0, 1, 0, 0, 0, 0, 0, 0, 0, 0, 0, 0, 0, 0, 0, 0, 0, 0, 0, 0, 0, 0, 1, 0, 0, 0, 0, 1, 0, 0, 0, 0, 0, 0, 0, 0, 1, 0, 0, 0, 0, 0, 0, 0, 0, 0, 0, 0, 0, 0, 0, 0]] | 2025-07-28 21:48:27.867752
[main-decoded-prediction] ls -la | 2025-07-28 21:48:27.867845
[user] list all files | 2025-07-28 21:48:33.660528
[main-user_encoded] [1, 4, 5, 6, 2, 0, 0, 0, 0, 0, 0, 0, 0, 0, 0, 0, 0, 0, 0, 0, 0, 0, 0, 0, 0, 0, 0, 0, 0, 0, 0, 0] | 2025-07-28 21:48:33.660609
[main-user_normalized] [0.005747126436781609, 0.022988505747126436, 0.028735632183908046, 0.034482758620689655, 0.011494252873563218, 0.0, 0.0, 0.0, 0.0, 0.0, 0.0, 0.0, 0.0, 0.0, 0.0, 0.0, 0.0, 0.0, 0.0, 0.0, 0.0, 0.0, 0.0, 0.0, 0.0, 0.0, 0.0, 0.0, 0.0, 0.0, 0.0, 0.0] | 2025-07-28 21:48:33.660662
[main-prediction] [[2.08794797e-08 1.46579307e-09 9.72385185e-05 4.08527564e-05
  1.49752036e-04 1.50665759e-09 4.53674677e-08 2.53896896e-05
  3.14818377e-08 2.43139054e-06 1.41768604e-08 1.00000000e+00
  3.72695518e-01 2.30018832e-06 1.26766993e-08 8.39085950e-10
  4.33278263e-05 1.37552958e-08 6.67910609e-03 2.29311619e-08
  2.92273625e-08 3.59283078e-07 8.19555783e-04 2.09662613e-04
  3.33656906e-10 8.26139926e-09 2.61634316e-06 1.19076845e-09
  2.60576474e-08 1.04314198e-04 1.87166279e-10 4.63160264e-10
  9.99999995e-01 4.35282107e-03 2.82039482e-10 1.61892215e-09
  2.03647050e-04 1.00000000e+00 1.25815818e-03 8.02817206e-03
  1.82911924e-08 8.22261890e-13 8.17281708e-14 5.57445273e-05
  5.57070978e-04 5.58541863e-04 1.00000000e+00 1.75393325e-11
  1.59772323e-08 5.31513609e-07 3.14398403e-06 2.21905782e-06
  1.16493047e-02 1.22255366e-02 1.70306902e-05 1.32004829e-07
  5.22520994e-10 2.55789152e-05 4.07052731e-04 3.17243073e-07
  3.69777696e-04 8.97218400e-04]] | 2025-07-28 21:48:33.662502
[main-confidence] Confidence Score = 100.00% | 2025-07-28 21:48:33.662520
[main-one_hot_prediction] [[1, 175, 176, 2, 0, 0, 0, 0, 0, 0, 0, 0, 0, 0, 0, 0, 0, 0, 0, 0, 0, 0, 0, 0, 0, 0, 0, 0, 0, 0, 0, 0, 0, 0, 0, 0, 0, 0, 0, 0, 0, 0, 0, 0, 0, 0, 0, 0, 0, 0, 0, 0, 0, 0, 0, 0, 0, 0, 0, 0, 0, 0]] | 2025-07-28 21:48:33.662728
[main-rounded_prediction] [[0, 0, 0, 0, 0, 0, 0, 0, 0, 0, 0, 1, 0, 0, 0, 0, 0, 0, 0, 0, 0, 0, 0, 0, 0, 0, 0, 0, 0, 0, 0, 0, 1, 0, 0, 0, 0, 1, 0, 0, 0, 0, 0, 0, 0, 0, 1, 0, 0, 0, 0, 0, 0, 0, 0, 0, 0, 0, 0, 0, 0, 0]] | 2025-07-28 21:48:33.662744
[main-decoded-prediction] ls -la | 2025-07-28 21:48:33.662792
[user] q | 2025-07-28 21:48:35.807750
[main-quit] Shutting down the AI. | 2025-07-28 21:48:35.807781
[main-model_type] ff | 2025-07-28 21:59:27.017005
[main-loss] 0.0745 | 2025-07-28 22:00:18.423990
[user] scan network | 2025-07-28 22:00:22.820311
[main-user_encoded] [1, 10, 11, 2, 0, 0, 0, 0, 0, 0, 0, 0, 0, 0, 0, 0, 0, 0, 0, 0, 0, 0, 0, 0, 0, 0, 0, 0, 0, 0, 0, 0] | 2025-07-28 22:00:22.820482
[main-user_normalized] [0.005747126436781609, 0.05747126436781609, 0.06321839080459771, 0.011494252873563218, 0.0, 0.0, 0.0, 0.0, 0.0, 0.0, 0.0, 0.0, 0.0, 0.0, 0.0, 0.0, 0.0, 0.0, 0.0, 0.0, 0.0, 0.0, 0.0, 0.0, 0.0, 0.0, 0.0, 0.0, 0.0, 0.0, 0.0, 0.0] | 2025-07-28 22:00:22.820583
[main-prediction] [[2.26487904e-10 1.15745064e-09 1.41457101e-05 3.61242555e-10
  2.80515526e-08 1.30668978e-03 6.71132776e-13 8.97668291e-06
  5.85765141e-12 4.95060975e-07 2.59678139e-06 2.97452653e-07
  9.24808259e-02 1.00000000e+00 1.07215972e-14 2.35530363e-12
  9.40179725e-04 1.58824437e-05 5.15730110e-08 1.00000000e+00
  1.32898295e-04 9.90951393e-02 2.87474336e-03 1.44649874e-07
  5.04880728e-04 2.34539341e-08 8.36835668e-08 3.66097862e-09
  8.03439826e-11 1.00695082e-09 6.92925676e-06 1.60003334e-07
  4.68690843e-03 2.46416885e-03 4.51517399e-03 6.24044605e-03
  2.26110553e-03 2.41671631e-04 2.14762669e-08 3.82805156e-05
  2.10737670e-04 5.62250573e-05 4.52839798e-09 3.01125241e-07
  1.39966870e-08 8.15385544e-04 1.22778725e-08 6.38691273e-10
  1.50225133e-13 4.14472727e-09 1.42378120e-05 6.78245548e-05
  6.07001052e-06 1.00000000e+00 4.45815001e-05 1.18145276e-05
  5.60396487e-07 2.03701594e-06 3.78553965e-04 7.45670223e-04
  9.41724720e-06 9.66394897e-10]] | 2025-07-28 22:00:22.823242
[main-confidence] Confidence Score = 100.00% | 2025-07-28 22:00:22.823259
[main-one_hot_prediction] [[1, 177, 233, 234, 3, 2, 0, 0, 0, 0, 0, 0, 0, 0, 0, 0, 0, 0, 0, 0, 0, 0, 0, 0, 0, 0, 0, 0, 0, 0, 0, 0, 0, 0, 0, 0, 0, 0, 0, 0, 0, 0, 0, 0, 0, 0, 0, 0, 0, 0, 0, 0, 0, 0, 0, 0, 0, 0, 0, 0, 0, 0]] | 2025-07-28 22:00:22.823478
[main-rounded_prediction] [[0, 0, 0, 0, 0, 0, 0, 0, 0, 0, 0, 0, 0, 1, 0, 0, 0, 0, 0, 1, 0, 0, 0, 0, 0, 0, 0, 0, 0, 0, 0, 0, 0, 0, 0, 0, 0, 0, 0, 0, 0, 0, 0, 0, 0, 0, 0, 0, 0, 0, 0, 0, 0, 1, 0, 0, 0, 0, 0, 0, 0, 0]] | 2025-07-28 22:00:22.823491
[main-decoded-prediction] openssl s_client -connect <unk> | 2025-07-28 22:00:22.823533
[user] list all files | 2025-07-28 22:00:27.708295
[main-user_encoded] [1, 4, 5, 6, 2, 0, 0, 0, 0, 0, 0, 0, 0, 0, 0, 0, 0, 0, 0, 0, 0, 0, 0, 0, 0, 0, 0, 0, 0, 0, 0, 0] | 2025-07-28 22:00:27.708409
[main-user_normalized] [0.005747126436781609, 0.022988505747126436, 0.028735632183908046, 0.034482758620689655, 0.011494252873563218, 0.0, 0.0, 0.0, 0.0, 0.0, 0.0, 0.0, 0.0, 0.0, 0.0, 0.0, 0.0, 0.0, 0.0, 0.0, 0.0, 0.0, 0.0, 0.0, 0.0, 0.0, 0.0, 0.0, 0.0, 0.0, 0.0, 0.0] | 2025-07-28 22:00:27.708471
[main-prediction] [[5.19869963e-10 4.63638505e-09 1.64794134e-05 3.10148313e-10
  5.53906532e-08 2.29345532e-03 1.41372779e-12 1.45413275e-05
  3.68105912e-12 1.30595559e-07 8.16936620e-06 6.73452557e-07
  3.07434347e-01 1.00000000e+00 3.98575592e-15 4.45129495e-12
  1.68998410e-03 3.56071069e-05 7.59394241e-08 1.00000000e+00
  1.78300620e-04 2.84357411e-02 2.77297272e-05 6.69019631e-08
  1.12547942e-03 2.36864225e-08 5.08123406e-08 2.61637686e-09
  9.28857132e-11 7.09882025e-10 2.10006825e-05 3.60125780e-07
  1.84893734e-02 6.45528459e-03 9.14567028e-03 9.92950428e-03
  5.52822816e-03 1.04564259e-04 1.88094815e-08 2.02301891e-05
  2.92842096e-04 1.90825633e-05 5.30933319e-09 3.01039073e-07
  2.79694273e-08 2.05094851e-03 4.82984496e-09 3.58914328e-10
  1.59752366e-13 6.81688590e-09 5.73408717e-06 8.54733747e-05
  9.31252970e-06 1.00000000e+00 2.55073345e-05 1.44515522e-06
  2.07604874e-06 2.00504651e-06 1.22172606e-04 4.77749286e-04
  1.80730633e-06 1.23586328e-09]] | 2025-07-28 22:00:27.710735
[main-confidence] Confidence Score = 100.00% | 2025-07-28 22:00:27.710763
[main-one_hot_prediction] [[1, 177, 233, 234, 3, 2, 0, 0, 0, 0, 0, 0, 0, 0, 0, 0, 0, 0, 0, 0, 0, 0, 0, 0, 0, 0, 0, 0, 0, 0, 0, 0, 0, 0, 0, 0, 0, 0, 0, 0, 0, 0, 0, 0, 0, 0, 0, 0, 0, 0, 0, 0, 0, 0, 0, 0, 0, 0, 0, 0, 0, 0]] | 2025-07-28 22:00:27.711102
[main-rounded_prediction] [[0, 0, 0, 0, 0, 0, 0, 0, 0, 0, 0, 0, 0, 1, 0, 0, 0, 0, 0, 1, 0, 0, 0, 0, 0, 0, 0, 0, 0, 0, 0, 0, 0, 0, 0, 0, 0, 0, 0, 0, 0, 0, 0, 0, 0, 0, 0, 0, 0, 0, 0, 0, 0, 1, 0, 0, 0, 0, 0, 0, 0, 0]] | 2025-07-28 22:00:27.711125
[main-decoded-prediction] openssl s_client -connect <unk> | 2025-07-28 22:00:27.711196
[user] q | 2025-07-28 22:00:32.356282
[main-quit] Shutting down the AI. | 2025-07-28 22:00:32.356322
[main-model_type] ff | 2025-07-28 22:00:45.232883
[main-loss] 0.1373 | 2025-07-28 22:00:55.956471
[user] list all files | 2025-07-28 22:01:01.015093
[main-user_encoded] [1, 4, 5, 6, 2, 0, 0, 0, 0, 0, 0, 0, 0, 0, 0, 0, 0, 0, 0, 0, 0, 0, 0, 0, 0, 0, 0, 0, 0, 0, 0, 0] | 2025-07-28 22:01:01.015211
[main-user_normalized] [0.005747126436781609, 0.022988505747126436, 0.028735632183908046, 0.034482758620689655, 0.011494252873563218, 0.0, 0.0, 0.0, 0.0, 0.0, 0.0, 0.0, 0.0, 0.0, 0.0, 0.0, 0.0, 0.0, 0.0, 0.0, 0.0, 0.0, 0.0, 0.0, 0.0, 0.0, 0.0, 0.0, 0.0, 0.0, 0.0, 0.0] | 2025-07-28 22:01:01.015289
[main-prediction] [[1.39900180e-03 3.13752910e-10 1.00000000e+00 1.98726071e-04
  4.17787045e-09 7.92057071e-04 8.18665604e-09 2.73714750e-07
  2.63648706e-06 2.80873325e-09 1.00000000e+00 1.40558644e-05
  3.80291091e-01 3.39619160e-08 1.00000000e+00 9.99999998e-01
  6.50348273e-13 9.99999995e-01 5.90428380e-10 1.86739155e-04
  8.56736363e-08 5.93025711e-06 4.45625160e-07 1.47598229e-08
  5.48423701e-03 9.99999996e-01 3.81344172e-07 6.03844054e-10
  5.39495693e-07 1.97550066e-02 2.77954032e-08 5.02253414e-17
  2.87511099e-09 1.59496865e-02 2.10544594e-09 7.09264896e-02
  1.76146407e-02 6.75047752e-03 6.82682064e-07 1.79993131e-15
  7.63581953e-07 1.12417699e-03 2.98536940e-06 6.88524444e-05
  7.20767051e-09 2.12100916e-11 4.26157362e-05 2.15856042e-04
  5.78160588e-15 7.15583231e-08 2.66646204e-03 1.12898232e-06
  9.99999993e-01 8.92737963e-05 1.06062161e-03 1.32366600e-13
  2.25714368e-06 7.28062780e-07 2.30331144e-10 2.00620943e-08
  8.12826618e-09 1.92951265e-09]] | 2025-07-28 22:01:01.017699
[main-confidence] Confidence Score = 100.00% | 2025-07-28 22:01:01.017720
[main-one_hot_prediction] [[1, 92, 242, 243, 21, 163, 147, 255, 85, 256, 257, 258, 2, 0, 0, 0, 0, 0, 0, 0, 0, 0, 0, 0, 0, 0, 0, 0, 0, 0, 0, 0, 0, 0, 0, 0, 0, 0, 0, 0, 0, 0, 0, 0, 0, 0, 0, 0, 0, 0, 0, 0, 0, 0, 0, 0, 0, 0, 0, 0, 0, 0]] | 2025-07-28 22:01:01.018027
[main-rounded_prediction] [[0, 0, 1, 0, 0, 0, 0, 0, 0, 0, 1, 0, 0, 0, 1, 1, 0, 1, 0, 0, 0, 0, 0, 0, 0, 1, 0, 0, 0, 0, 0, 0, 0, 0, 0, 0, 0, 0, 0, 0, 0, 0, 0, 0, 0, 0, 0, 0, 0, 0, 0, 0, 1, 0, 0, 0, 0, 0, 0, 0, 0, 0]] | 2025-07-28 22:01:01.018045
[main-decoded-prediction] use burp suite to intercept form submission and analyze post data | 2025-07-28 22:01:01.018114
[user] scan network | 2025-07-28 22:01:06.390596
[main-user_encoded] [1, 10, 11, 2, 0, 0, 0, 0, 0, 0, 0, 0, 0, 0, 0, 0, 0, 0, 0, 0, 0, 0, 0, 0, 0, 0, 0, 0, 0, 0, 0, 0] | 2025-07-28 22:01:06.390709
[main-user_normalized] [0.005747126436781609, 0.05747126436781609, 0.06321839080459771, 0.011494252873563218, 0.0, 0.0, 0.0, 0.0, 0.0, 0.0, 0.0, 0.0, 0.0, 0.0, 0.0, 0.0, 0.0, 0.0, 0.0, 0.0, 0.0, 0.0, 0.0, 0.0, 0.0, 0.0, 0.0, 0.0, 0.0, 0.0, 0.0, 0.0] | 2025-07-28 22:01:06.390768
[main-prediction] [[1.08757788e-03 2.27410972e-10 1.00000000e+00 2.17425302e-04
  4.48193545e-09 1.12878356e-03 1.11665772e-08 3.69841108e-07
  3.73153743e-06 3.02261358e-09 1.00000000e+00 9.93380192e-06
  1.73924824e-01 3.10536909e-08 1.00000000e+00 9.99999997e-01
  6.22554824e-13 9.99999997e-01 3.55599599e-10 4.46782385e-04
  9.52378057e-08 4.38270848e-06 3.03430629e-07 5.91279848e-09
  3.15751943e-03 9.99999997e-01 4.90566134e-07 6.69141746e-10
  2.88962315e-07 1.14725643e-01 2.39774371e-08 8.56166657e-17
  1.85970119e-09 3.57469246e-02 5.63610483e-09 4.22683788e-02
  1.44396096e-02 7.19335538e-03 1.40006837e-06 2.49660776e-15
  3.32991291e-07 5.75955964e-04 1.29475991e-05 1.26177749e-04
  1.37623287e-08 1.96441360e-11 9.08519839e-05 3.27145831e-04
  5.56503560e-15 8.40097205e-08 3.29787109e-03 1.86041173e-06
  9.99999994e-01 6.12060238e-05 1.02819109e-03 2.25908181e-13
  4.42891221e-06 1.42297161e-06 5.55435239e-10 2.73145791e-08
  5.84542393e-09 1.65409160e-09]] | 2025-07-28 22:01:06.393013
[main-confidence] Confidence Score = 100.00% | 2025-07-28 22:01:06.393040
[main-one_hot_prediction] [[1, 92, 242, 243, 21, 163, 147, 255, 85, 256, 257, 258, 2, 0, 0, 0, 0, 0, 0, 0, 0, 0, 0, 0, 0, 0, 0, 0, 0, 0, 0, 0, 0, 0, 0, 0, 0, 0, 0, 0, 0, 0, 0, 0, 0, 0, 0, 0, 0, 0, 0, 0, 0, 0, 0, 0, 0, 0, 0, 0, 0, 0]] | 2025-07-28 22:01:06.393362
[main-rounded_prediction] [[0, 0, 1, 0, 0, 0, 0, 0, 0, 0, 1, 0, 0, 0, 1, 1, 0, 1, 0, 0, 0, 0, 0, 0, 0, 1, 0, 0, 0, 0, 0, 0, 0, 0, 0, 0, 0, 0, 0, 0, 0, 0, 0, 0, 0, 0, 0, 0, 0, 0, 0, 0, 1, 0, 0, 0, 0, 0, 0, 0, 0, 0]] | 2025-07-28 22:01:06.393386
[main-decoded-prediction] use burp suite to intercept form submission and analyze post data | 2025-07-28 22:01:06.393461
[user] q | 2025-07-28 22:01:09.257979
[main-quit] Shutting down the AI. | 2025-07-28 22:01:09.258018
[main-model_type] ff | 2025-07-28 22:01:24.314445
[main-loss] 0.1177 | 2025-07-28 22:03:07.905851
[user] scan network | 2025-07-28 22:03:12.502301
[main-user_encoded] [1, 10, 11, 2, 0, 0, 0, 0, 0, 0, 0, 0, 0, 0, 0, 0, 0, 0, 0, 0, 0, 0, 0, 0, 0, 0, 0, 0, 0, 0, 0, 0] | 2025-07-28 22:03:12.502413
[main-user_normalized] [0.005747126436781609, 0.05747126436781609, 0.06321839080459771, 0.011494252873563218, 0.0, 0.0, 0.0, 0.0, 0.0, 0.0, 0.0, 0.0, 0.0, 0.0, 0.0, 0.0, 0.0, 0.0, 0.0, 0.0, 0.0, 0.0, 0.0, 0.0, 0.0, 0.0, 0.0, 0.0, 0.0, 0.0, 0.0, 0.0] | 2025-07-28 22:03:12.502474
[main-prediction] [[7.86975188e-04 1.39332498e-07 6.83462942e-05 3.90917003e-08
  9.99999972e-01 3.28415857e-12 2.74797236e-09 3.05750465e-06
  1.00000000e+00 2.59115656e-07 3.71731513e-09 3.41624469e-02
  4.72694303e-07 1.71507287e-15 1.82195547e-05 3.59130501e-10
  2.36211063e-04 6.46447759e-04 2.79548403e-14 1.25492356e-07
  2.15719167e-03 1.42581499e-01 1.39186115e-17 2.22325987e-10
  1.59705750e-06 9.99999998e-01 9.27868681e-07 6.73955113e-08
  4.00043725e-10 4.88394951e-04 1.00000000e+00 1.01630452e-14
  3.85110287e-13 7.42900044e-20 1.04395998e-10 1.47556846e-03
  2.61708373e-03 1.21887500e-09 3.31773828e-05 5.84064015e-04
  5.84934248e-05 5.92912925e-04 7.11279803e-09 3.04589233e-05
  1.48882958e-03 2.09082064e-04 4.09868405e-07 3.07143070e-04
  1.00000000e+00 5.07097178e-12 3.78447621e-07 1.21631886e-14
  1.48922322e-08 1.13408270e-07 1.15967269e-08 9.77958125e-13
  2.39867389e-10 1.45313099e-13 1.13192404e-03 1.00000000e+00
  1.12510939e-08 2.82906903e-06]] | 2025-07-28 22:03:12.504906
[main-confidence] Confidence Score = 100.00% | 2025-07-28 22:03:12.504927
[main-one_hot_prediction] [[1, 106, 3, 2, 0, 0, 0, 0, 0, 0, 0, 0, 0, 0, 0, 0, 0, 0, 0, 0, 0, 0, 0, 0, 0, 0, 0, 0, 0, 0, 0, 0, 0, 0, 0, 0, 0, 0, 0, 0, 0, 0, 0, 0, 0, 0, 0, 0, 0, 0, 0, 0, 0, 0, 0, 0, 0, 0, 0, 0, 0, 0]] | 2025-07-28 22:03:12.505172
[main-rounded_prediction] [[0, 0, 0, 0, 1, 0, 0, 0, 1, 0, 0, 0, 0, 0, 0, 0, 0, 0, 0, 0, 0, 0, 0, 0, 0, 1, 0, 0, 0, 0, 1, 0, 0, 0, 0, 0, 0, 0, 0, 0, 0, 0, 0, 0, 0, 0, 0, 0, 1, 0, 0, 0, 0, 0, 0, 0, 0, 0, 0, 1, 0, 0]] | 2025-07-28 22:03:12.505185
[main-decoded-prediction] whois <unk> | 2025-07-28 22:03:12.505227
[user] list all files | 2025-07-28 22:03:18.480976
[main-user_encoded] [1, 4, 5, 6, 2, 0, 0, 0, 0, 0, 0, 0, 0, 0, 0, 0, 0, 0, 0, 0, 0, 0, 0, 0, 0, 0, 0, 0, 0, 0, 0, 0] | 2025-07-28 22:03:18.481086
[main-user_normalized] [0.005747126436781609, 0.022988505747126436, 0.028735632183908046, 0.034482758620689655, 0.011494252873563218, 0.0, 0.0, 0.0, 0.0, 0.0, 0.0, 0.0, 0.0, 0.0, 0.0, 0.0, 0.0, 0.0, 0.0, 0.0, 0.0, 0.0, 0.0, 0.0, 0.0, 0.0, 0.0, 0.0, 0.0, 0.0, 0.0, 0.0] | 2025-07-28 22:03:18.481148
[main-prediction] [[2.93653849e-03 7.44239318e-08 2.85938166e-04 1.99959829e-08
  9.99999985e-01 6.47858401e-12 1.48810519e-08 4.01024814e-06
  1.00000000e+00 2.52129916e-07 4.98391084e-09 9.19453040e-01
  2.21420479e-07 1.01839461e-15 1.27034026e-05 1.12542870e-09
  1.98649448e-03 6.33278067e-04 6.03673097e-14 5.20394503e-08
  7.96705465e-03 2.18964710e-02 3.32179981e-17 1.68043038e-10
  5.17558109e-06 9.99999995e-01 1.15550586e-07 4.64648644e-08
  2.21817128e-10 4.10389191e-04 1.00000000e+00 2.21203413e-14
  1.61335193e-12 5.71229124e-20 1.57500515e-10 1.26465432e-02
  2.95813621e-03 1.41991424e-09 6.31849053e-06 1.07830077e-03
  3.89452726e-06 5.94170054e-05 4.77649463e-09 1.54195767e-05
  3.40548066e-04 5.22127729e-05 2.76928297e-06 7.71723486e-05
  1.00000000e+00 1.16326861e-11 3.65382049e-07 1.62886691e-14
  2.80484331e-08 1.57603176e-07 5.16582217e-09 7.69062296e-13
  1.08456673e-10 1.93615732e-13 5.23600578e-03 1.00000000e+00
  4.50205478e-08 8.49277457e-06]] | 2025-07-28 22:03:18.483083
[main-confidence] Confidence Score = 100.00% | 2025-07-28 22:03:18.483107
[main-one_hot_prediction] [[1, 106, 3, 2, 0, 0, 0, 0, 0, 0, 0, 0, 0, 0, 0, 0, 0, 0, 0, 0, 0, 0, 0, 0, 0, 0, 0, 0, 0, 0, 0, 0, 0, 0, 0, 0, 0, 0, 0, 0, 0, 0, 0, 0, 0, 0, 0, 0, 0, 0, 0, 0, 0, 0, 0, 0, 0, 0, 0, 0, 0, 0]] | 2025-07-28 22:03:18.483356
[main-rounded_prediction] [[0, 0, 0, 0, 1, 0, 0, 0, 1, 0, 0, 1, 0, 0, 0, 0, 0, 0, 0, 0, 0, 0, 0, 0, 0, 1, 0, 0, 0, 0, 1, 0, 0, 0, 0, 0, 0, 0, 0, 0, 0, 0, 0, 0, 0, 0, 0, 0, 1, 0, 0, 0, 0, 0, 0, 0, 0, 0, 0, 1, 0, 0]] | 2025-07-28 22:03:18.483373
[main-decoded-prediction] whois <unk> | 2025-07-28 22:03:18.483435
[user] q | 2025-07-28 22:03:20.642615
[main-quit] Shutting down the AI. | 2025-07-28 22:03:20.642651
[main-model_type] ff | 2025-07-28 22:03:28.691523
[main-loss] 0.0600 | 2025-07-28 22:05:20.655405
[user] scan network | 2025-07-28 22:05:29.648941
[main-user_encoded] [1, 10, 11, 2, 0, 0, 0, 0, 0, 0, 0, 0, 0, 0, 0, 0, 0, 0, 0, 0, 0, 0, 0, 0, 0, 0, 0, 0, 0, 0, 0, 0] | 2025-07-28 22:05:29.649044
[main-user_normalized] [0.005747126436781609, 0.05747126436781609, 0.06321839080459771, 0.011494252873563218, 0.0, 0.0, 0.0, 0.0, 0.0, 0.0, 0.0, 0.0, 0.0, 0.0, 0.0, 0.0, 0.0, 0.0, 0.0, 0.0, 0.0, 0.0, 0.0, 0.0, 0.0, 0.0, 0.0, 0.0, 0.0, 0.0, 0.0, 0.0] | 2025-07-28 22:05:29.649094
[main-prediction] [[3.00442727e-07 2.31522966e-11 4.12839899e-10 5.11687339e-05
  9.28462474e-06 1.31955179e-04 1.00000000e+00 2.35143077e-06
  4.73213302e-07 7.00844433e-04 1.00000000e+00 4.38745683e-03
  3.93871191e-08 4.77124719e-08 9.39801344e-01 1.14684206e-04
  3.89493407e-18 5.09272179e-09 1.00505049e-04 3.98041728e-06
  8.98995493e-05 6.45568251e-08 8.09346417e-05 3.90091050e-07
  1.51234824e-05 3.39487290e-16 1.54562377e-06 6.21621682e-08
  1.67850382e-04 9.53023456e-03 2.27949941e-07 1.15322956e-08
  2.10329403e-03 1.54284588e-03 5.00586191e-12 4.36049273e-03
  1.74143131e-04 8.08425183e-03 8.54456399e-05 3.50363383e-09
  4.12859496e-10 1.16567751e-04 3.81124299e-04 6.09638038e-10
  4.95055917e-05 9.45033899e-07 6.48547207e-10 3.74360917e-10
  2.61119558e-10 1.44024973e-08 8.69598772e-05 1.42015597e-09
  2.55273712e-10 1.58058888e-09 3.23165545e-06 4.83657109e-08
  4.34684835e-07 1.83415131e-09 2.07116138e-08 1.69515928e-09
  1.77135447e-11 1.82492070e-10]] | 2025-07-28 22:05:29.651130
[main-confidence] Confidence Score = 100.00% | 2025-07-28 22:05:29.651148
[main-one_hot_prediction] [[1, 112, 3, 2, 0, 0, 0, 0, 0, 0, 0, 0, 0, 0, 0, 0, 0, 0, 0, 0, 0, 0, 0, 0, 0, 0, 0, 0, 0, 0, 0, 0, 0, 0, 0, 0, 0, 0, 0, 0, 0, 0, 0, 0, 0, 0, 0, 0, 0, 0, 0, 0, 0, 0, 0, 0, 0, 0, 0, 0, 0, 0]] | 2025-07-28 22:05:29.651356
[main-rounded_prediction] [[0, 0, 0, 0, 0, 0, 1, 0, 0, 0, 1, 0, 0, 0, 1, 0, 0, 0, 0, 0, 0, 0, 0, 0, 0, 0, 0, 0, 0, 0, 0, 0, 0, 0, 0, 0, 0, 0, 0, 0, 0, 0, 0, 0, 0, 0, 0, 0, 0, 0, 0, 0, 0, 0, 0, 0, 0, 0, 0, 0, 0, 0]] | 2025-07-28 22:05:29.651369
[main-decoded-prediction] host <unk> | 2025-07-28 22:05:29.651417
[user] list all files | 2025-07-28 22:05:35.090436
[main-user_encoded] [1, 4, 5, 6, 2, 0, 0, 0, 0, 0, 0, 0, 0, 0, 0, 0, 0, 0, 0, 0, 0, 0, 0, 0, 0, 0, 0, 0, 0, 0, 0, 0] | 2025-07-28 22:05:35.090536
[main-user_normalized] [0.005747126436781609, 0.022988505747126436, 0.028735632183908046, 0.034482758620689655, 0.011494252873563218, 0.0, 0.0, 0.0, 0.0, 0.0, 0.0, 0.0, 0.0, 0.0, 0.0, 0.0, 0.0, 0.0, 0.0, 0.0, 0.0, 0.0, 0.0, 0.0, 0.0, 0.0, 0.0, 0.0, 0.0, 0.0, 0.0, 0.0] | 2025-07-28 22:05:35.090588
[main-prediction] [[2.91121017e-07 1.42106935e-11 7.64971415e-10 1.57102978e-04
  5.47034216e-05 2.18853434e-04 1.00000000e+00 5.09987285e-06
  5.47994561e-07 6.29997252e-04 1.00000000e+00 9.31514824e-01
  1.70791433e-08 5.51888519e-08 3.36753159e-02 4.52236509e-05
  7.11021831e-18 6.45428681e-09 4.78989547e-05 3.31246255e-06
  1.68620200e-05 7.63828860e-08 8.74166042e-04 1.15285342e-06
  4.21888623e-05 7.88271858e-17 9.49352679e-06 4.48222667e-08
  2.44942209e-05 4.14120087e-06 2.94040834e-07 2.68886242e-09
  1.56901745e-02 8.80415863e-03 3.78037862e-11 1.48192205e-02
  2.11864400e-04 6.10548059e-03 1.83853935e-04 2.71620598e-09
  3.38928364e-10 1.60627988e-04 3.83765929e-04 1.26917530e-09
  2.08809210e-04 4.03226675e-06 1.93951483e-09 4.19480305e-10
  3.29827305e-11 1.27229915e-08 3.37473236e-04 5.84007257e-10
  4.36673332e-10 2.25678219e-09 3.02437106e-06 4.71979402e-08
  1.69737596e-06 9.04424523e-10 5.85099965e-09 1.39624772e-09
  7.58345684e-12 6.56191150e-11]] | 2025-07-28 22:05:35.092450
[main-confidence] Confidence Score = 100.00% | 2025-07-28 22:05:35.092468
[main-one_hot_prediction] [[1, 112, 3, 2, 0, 0, 0, 0, 0, 0, 0, 0, 0, 0, 0, 0, 0, 0, 0, 0, 0, 0, 0, 0, 0, 0, 0, 0, 0, 0, 0, 0, 0, 0, 0, 0, 0, 0, 0, 0, 0, 0, 0, 0, 0, 0, 0, 0, 0, 0, 0, 0, 0, 0, 0, 0, 0, 0, 0, 0, 0, 0]] | 2025-07-28 22:05:35.092660
[main-rounded_prediction] [[0, 0, 0, 0, 0, 0, 1, 0, 0, 0, 1, 1, 0, 0, 0, 0, 0, 0, 0, 0, 0, 0, 0, 0, 0, 0, 0, 0, 0, 0, 0, 0, 0, 0, 0, 0, 0, 0, 0, 0, 0, 0, 0, 0, 0, 0, 0, 0, 0, 0, 0, 0, 0, 0, 0, 0, 0, 0, 0, 0, 0, 0]] | 2025-07-28 22:05:35.092673
[main-decoded-prediction] host <unk> | 2025-07-28 22:05:35.092715
[user] q | 2025-07-28 22:05:37.522544
[main-quit] Shutting down the AI. | 2025-07-28 22:05:37.522594
[main-model_type] ff | 2025-07-28 22:05:46.029140
[main-loss] 0.0422 | 2025-07-28 22:06:33.570682
[user] list all files | 2025-07-28 22:06:41.295704
[main-user_encoded] [1, 4, 5, 6, 2, 0, 0, 0, 0, 0, 0, 0, 0, 0, 0, 0, 0, 0, 0, 0, 0, 0, 0, 0, 0, 0, 0, 0, 0, 0, 0, 0] | 2025-07-28 22:06:41.295789
[main-user_normalized] [0.005747126436781609, 0.022988505747126436, 0.028735632183908046, 0.034482758620689655, 0.011494252873563218, 0.0, 0.0, 0.0, 0.0, 0.0, 0.0, 0.0, 0.0, 0.0, 0.0, 0.0, 0.0, 0.0, 0.0, 0.0, 0.0, 0.0, 0.0, 0.0, 0.0, 0.0, 0.0, 0.0, 0.0, 0.0, 0.0, 0.0] | 2025-07-28 22:06:41.295843
[main-prediction] [[1.54439818e-05 1.55831045e-09 8.86160096e-05 2.19258742e-07
  1.12643377e-09 3.65752218e-07 2.50749189e-07 8.02824711e-12
  1.89361081e-06 5.44098389e-07 4.44112075e-04 3.41664357e-08
  9.00854076e-09 2.81628800e-05 1.20765284e-14 2.65575744e-03
  6.13107020e-05 9.23940265e-05 1.76511070e-04 1.00000000e+00
  8.42096339e-05 2.94295230e-07 3.93336190e-03 7.54885140e-06
  6.63387546e-09 2.51102294e-09 7.11837934e-08 9.66094371e-04
  5.32967458e-04 1.94952381e-07 7.43857988e-05 1.91916504e-02
  9.41203840e-03 4.21632696e-07 1.87068648e-02 3.39678284e-07
  1.23829798e-12 6.06410728e-06 4.24687167e-03 2.32221671e-14
  2.86974376e-07 1.23766029e-07 1.15376648e-09 1.04666353e-06
  6.37401005e-07 4.35760993e-07 6.45841001e-06 3.44407916e-08
  3.90535928e-05 1.85934830e-09 1.00784700e-09 9.80578150e-06
  1.32821943e-07 1.03984086e-06 9.17265883e-09 1.26077521e-05
  1.36003782e-05 1.78915594e-07 3.29715360e-03 6.61972977e-05
  3.10400845e-10 5.98075206e-11]] | 2025-07-28 22:06:41.297604
[main-confidence] Confidence Score = 100.00% | 2025-07-28 22:06:41.297625
[main-one_hot_prediction] [[1, 183, 216, 3, 2, 0, 0, 0, 0, 0, 0, 0, 0, 0, 0, 0, 0, 0, 0, 0, 0, 0, 0, 0, 0, 0, 0, 0, 0, 0, 0, 0, 0, 0, 0, 0, 0, 0, 0, 0, 0, 0, 0, 0, 0, 0, 0, 0, 0, 0, 0, 0, 0, 0, 0, 0, 0, 0, 0, 0, 0, 0]] | 2025-07-28 22:06:41.297877
[main-rounded_prediction] [[0, 0, 0, 0, 0, 0, 0, 0, 0, 0, 0, 0, 0, 0, 0, 0, 0, 0, 0, 1, 0, 0, 0, 0, 0, 0, 0, 0, 0, 0, 0, 0, 0, 0, 0, 0, 0, 0, 0, 0, 0, 0, 0, 0, 0, 0, 0, 0, 0, 0, 0, 0, 0, 0, 0, 0, 0, 0, 0, 0, 0, 0]] | 2025-07-28 22:06:41.297894
[main-decoded-prediction] nmap -a <unk> | 2025-07-28 22:06:41.297947
[user] scan network | 2025-07-28 22:06:49.119487
[main-user_encoded] [1, 10, 11, 2, 0, 0, 0, 0, 0, 0, 0, 0, 0, 0, 0, 0, 0, 0, 0, 0, 0, 0, 0, 0, 0, 0, 0, 0, 0, 0, 0, 0] | 2025-07-28 22:06:49.119598
[main-user_normalized] [0.005747126436781609, 0.05747126436781609, 0.06321839080459771, 0.011494252873563218, 0.0, 0.0, 0.0, 0.0, 0.0, 0.0, 0.0, 0.0, 0.0, 0.0, 0.0, 0.0, 0.0, 0.0, 0.0, 0.0, 0.0, 0.0, 0.0, 0.0, 0.0, 0.0, 0.0, 0.0, 0.0, 0.0, 0.0, 0.0] | 2025-07-28 22:06:49.119658
[main-prediction] [[6.00356918e-06 2.18717926e-09 1.78705406e-04 3.23664702e-07
  2.88055575e-09 3.80994399e-07 1.15448082e-07 6.08751911e-12
  3.66742284e-06 9.52755274e-07 1.07698979e-04 1.27610742e-08
  5.89738603e-09 2.21901024e-05 8.39446149e-15 5.45598348e-03
  4.12390458e-05 6.26351397e-05 8.81061943e-05 1.00000000e+00
  2.69695974e-04 3.09728538e-07 4.60441948e-02 2.64912820e-06
  9.58319707e-09 1.10506984e-08 1.21855454e-07 2.30232168e-03
  5.07272152e-04 3.55391067e-07 5.84702952e-05 9.52880406e-03
  3.98473121e-03 2.73116249e-07 7.06634215e-03 1.68692353e-07
  9.92037593e-13 2.74071929e-06 5.59974866e-03 1.53723185e-14
  4.77745904e-07 5.35986281e-07 2.28068000e-09 2.66476136e-06
  1.42975723e-06 4.45584592e-07 4.57974625e-05 2.54581118e-08
  1.92801367e-05 1.32308075e-09 7.46140925e-10 2.92427996e-06
  3.92860765e-07 1.57396095e-06 3.11503170e-08 2.05140492e-05
  7.67097468e-06 6.17755839e-07 2.35885588e-03 1.96372419e-05
  3.03752052e-10 4.23484270e-11]] | 2025-07-28 22:06:49.121602
[main-confidence] Confidence Score = 100.00% | 2025-07-28 22:06:49.121624
[main-one_hot_prediction] [[1, 183, 216, 3, 2, 0, 0, 0, 0, 0, 0, 0, 0, 0, 0, 0, 0, 0, 0, 0, 0, 0, 0, 0, 0, 0, 0, 0, 0, 0, 0, 0, 0, 0, 0, 0, 0, 0, 0, 0, 0, 0, 0, 0, 0, 0, 0, 0, 0, 0, 0, 0, 0, 0, 0, 0, 0, 0, 0, 0, 0, 0]] | 2025-07-28 22:06:49.121867
[main-rounded_prediction] [[0, 0, 0, 0, 0, 0, 0, 0, 0, 0, 0, 0, 0, 0, 0, 0, 0, 0, 0, 1, 0, 0, 0, 0, 0, 0, 0, 0, 0, 0, 0, 0, 0, 0, 0, 0, 0, 0, 0, 0, 0, 0, 0, 0, 0, 0, 0, 0, 0, 0, 0, 0, 0, 0, 0, 0, 0, 0, 0, 0, 0, 0]] | 2025-07-28 22:06:49.121884
[main-decoded-prediction] nmap -a <unk> | 2025-07-28 22:06:49.121935
[user] list all files | 2025-07-28 22:06:58.780948
[main-user_encoded] [1, 4, 5, 6, 2, 0, 0, 0, 0, 0, 0, 0, 0, 0, 0, 0, 0, 0, 0, 0, 0, 0, 0, 0, 0, 0, 0, 0, 0, 0, 0, 0] | 2025-07-28 22:06:58.781042
[main-user_normalized] [0.005747126436781609, 0.022988505747126436, 0.028735632183908046, 0.034482758620689655, 0.011494252873563218, 0.0, 0.0, 0.0, 0.0, 0.0, 0.0, 0.0, 0.0, 0.0, 0.0, 0.0, 0.0, 0.0, 0.0, 0.0, 0.0, 0.0, 0.0, 0.0, 0.0, 0.0, 0.0, 0.0, 0.0, 0.0, 0.0, 0.0] | 2025-07-28 22:06:58.781086
[main-prediction] [[1.54439818e-05 1.55831045e-09 8.86160096e-05 2.19258742e-07
  1.12643377e-09 3.65752218e-07 2.50749189e-07 8.02824711e-12
  1.89361081e-06 5.44098389e-07 4.44112075e-04 3.41664357e-08
  9.00854076e-09 2.81628800e-05 1.20765284e-14 2.65575744e-03
  6.13107020e-05 9.23940265e-05 1.76511070e-04 1.00000000e+00
  8.42096339e-05 2.94295230e-07 3.93336190e-03 7.54885140e-06
  6.63387546e-09 2.51102294e-09 7.11837934e-08 9.66094371e-04
  5.32967458e-04 1.94952381e-07 7.43857988e-05 1.91916504e-02
  9.41203840e-03 4.21632696e-07 1.87068648e-02 3.39678284e-07
  1.23829798e-12 6.06410728e-06 4.24687167e-03 2.32221671e-14
  2.86974376e-07 1.23766029e-07 1.15376648e-09 1.04666353e-06
  6.37401005e-07 4.35760993e-07 6.45841001e-06 3.44407916e-08
  3.90535928e-05 1.85934830e-09 1.00784700e-09 9.80578150e-06
  1.32821943e-07 1.03984086e-06 9.17265883e-09 1.26077521e-05
  1.36003782e-05 1.78915594e-07 3.29715360e-03 6.61972977e-05
  3.10400845e-10 5.98075206e-11]] | 2025-07-28 22:06:58.782723
[main-confidence] Confidence Score = 100.00% | 2025-07-28 22:06:58.782742
[main-one_hot_prediction] [[1, 183, 216, 3, 2, 0, 0, 0, 0, 0, 0, 0, 0, 0, 0, 0, 0, 0, 0, 0, 0, 0, 0, 0, 0, 0, 0, 0, 0, 0, 0, 0, 0, 0, 0, 0, 0, 0, 0, 0, 0, 0, 0, 0, 0, 0, 0, 0, 0, 0, 0, 0, 0, 0, 0, 0, 0, 0, 0, 0, 0, 0]] | 2025-07-28 22:06:58.782936
[main-rounded_prediction] [[0, 0, 0, 0, 0, 0, 0, 0, 0, 0, 0, 0, 0, 0, 0, 0, 0, 0, 0, 1, 0, 0, 0, 0, 0, 0, 0, 0, 0, 0, 0, 0, 0, 0, 0, 0, 0, 0, 0, 0, 0, 0, 0, 0, 0, 0, 0, 0, 0, 0, 0, 0, 0, 0, 0, 0, 0, 0, 0, 0, 0, 0]] | 2025-07-28 22:06:58.782949
[main-decoded-prediction] nmap -a <unk> | 2025-07-28 22:06:58.782990
[user] q | 2025-07-28 22:07:01.113355
[main-quit] Shutting down the AI. | 2025-07-28 22:07:01.113398
[main-model_type] ff | 2025-07-28 22:08:55.212912
[main-loss] 0.0687 | 2025-07-29 07:05:57.975886
[user] list all files | 2025-07-29 07:06:06.235642
[main-user_encoded] [1, 4, 5, 6, 2, 0, 0, 0, 0, 0, 0, 0, 0, 0, 0, 0, 0, 0, 0, 0, 0, 0, 0, 0, 0, 0, 0, 0, 0, 0, 0, 0] | 2025-07-29 07:06:06.235740
[main-user_normalized] [0.005747126436781609, 0.022988505747126436, 0.028735632183908046, 0.034482758620689655, 0.011494252873563218, 0.0, 0.0, 0.0, 0.0, 0.0, 0.0, 0.0, 0.0, 0.0, 0.0, 0.0, 0.0, 0.0, 0.0, 0.0, 0.0, 0.0, 0.0, 0.0, 0.0, 0.0, 0.0, 0.0, 0.0, 0.0, 0.0, 0.0] | 2025-07-29 07:06:06.235780
[main-prediction] [[7.51370049e-09 1.34045098e-06 4.06188279e-06 1.66087763e-06
  1.00000000e+00 2.00622608e-04 3.97215332e-08 3.56317986e-07
  1.11096972e-04 6.35673960e-12 3.76537465e-03 1.14626699e-15
  1.32225129e-09 2.90330579e-06 9.91091170e-02 2.80059036e-16
  4.75654202e-06 1.88118856e-03 2.84730110e-09 1.17633629e-10
  2.93513677e-07 1.28816924e-15 3.16293318e-14 4.85538387e-02
  3.41534001e-02 2.22793698e-08 1.29895505e-05 3.63093018e-08
  8.67623203e-09 3.09915120e-04 1.95332113e-06 1.92084846e-03
  1.74551238e-03 4.12123031e-03 1.00000000e+00 5.72799091e-09
  7.02346384e-06 3.98774027e-08 8.58318574e-04 4.00271318e-03
  1.00000000e+00 1.97727461e-07 1.07755361e-09 3.74211371e-09
  1.98596737e-07 6.77883542e-09 1.29474291e-07 1.92762473e-06
  2.01425509e-10 6.23136052e-07 3.34277184e-10 2.12247984e-07
  2.87102211e-05 6.91753313e-05 6.67714865e-05 7.46101606e-08
  3.46354030e-05 2.90655137e-03 4.62181907e-11 1.34376960e-03
  1.85976575e-09 5.56957706e-10]] | 2025-07-29 07:06:06.241056
[main-confidence] Confidence Score = 100.00% | 2025-07-29 07:06:06.241092
[main-one_hot_prediction] [[1, 106, 3, 2, 0, 0, 0, 0, 0, 0, 0, 0, 0, 0, 0, 0, 0, 0, 0, 0, 0, 0, 0, 0, 0, 0, 0, 0, 0, 0, 0, 0, 0, 0, 0, 0, 0, 0, 0, 0, 0, 0, 0, 0, 0, 0, 0, 0, 0, 0, 0, 0, 0, 0, 0, 0, 0, 0, 0, 0, 0, 0]] | 2025-07-29 07:06:06.241323
[main-rounded_prediction] [[0, 0, 0, 0, 1, 0, 0, 0, 0, 0, 0, 0, 0, 0, 0, 0, 0, 0, 0, 0, 0, 0, 0, 0, 0, 0, 0, 0, 0, 0, 0, 0, 0, 0, 1, 0, 0, 0, 0, 0, 1, 0, 0, 0, 0, 0, 0, 0, 0, 0, 0, 0, 0, 0, 0, 0, 0, 0, 0, 0, 0, 0]] | 2025-07-29 07:06:06.241335
[main-decoded-prediction] whois <unk> | 2025-07-29 07:06:06.241395
[user] q | 2025-07-29 07:06:08.312921
[main-quit] Shutting down the AI. | 2025-07-29 07:06:08.312973
